t,x,y,heading,distance,velocity,acceleration,curvature,path,voltage,current
0,-1.02559e-14,0,-7.60125e-06,0,0,32.2598,0,0,,
0,,,,,-3.406,-32.2598,,-1,,
0,,,,,3.406,32.2598,,-1,,
0,3.80062e-06,0.5,,,0,32.2598,,1,12,262
0,-3.80062e-06,-0.5,,,0,32.2598,,2,12,262
0,0,0,0,,,,,3,,
0.01,-1.02559e-14,0,-7.60125e-06,0.00161299,0.322598,32.2598,0,0,,
0.01,,,,,-3.406,-32.2598,,-1,,
0.01,,,,,3.406,32.2598,,-1,,
0.01,3.80062e-06,0.5,,,0.322598,32.2101,,1,13.1181,261.596
0.01,-3.80062e-06,-0.5,,,0.322598,32.3095,,2,13.1551,262.404
0.01,0.00322598,0,0,,,,,3,,
0.02,0.00161299,-6.18041e-09,-6.20374e-08,0.00629919,0.614642,29.2044,0.0015408,0,,
0.02,,,,,-3.40338,-29.2044,,-1,,
0.02,,,,,3.40338,29.2044,,-1,,
0.02,0.00161302,0.5,,,0.614169,29.0014,,1,12.9518,235.537
0.02,0.00161296,-0.5,,,0.615116,29.4073,,2,13.1061,238.833
0.02,0.0093724,5.82092e-08,9.47043e-06,,,,,3,,
0.03,0.00629919,4.48511e-08,2.18415e-05,0.0137675,0.879025,26.4383,0.00601728,0,,
0.03,,,,,-3.39579,-26.4383,,-1,,
0.03,,,,,3.39579,26.4383,,-1,,
0.03,0.00628827,0.5,,,0.87638,25.9897,,1,12.7553,211.077
0.03,0.00631012,-0.5,,,0.88167,26.8869,,2,13.1077,218.363
0.03,0.0181627,6.06402e-07,6.23638e-05,,,,,3,,
0.04,0.0137675,4.12872e-07,9.39497e-05,0.0237545,1.11837,23.9342,0.0131123,0,,
0.04,,,,,-3.38382,-23.9342,,-1,,
0.04,,,,,3.38382,23.9342,,-1,,
0.04,0.0137206,0.5,,,1.11103,23.186,,1,12.5391,188.306
0.04,0.0138145,-0.5,,,1.1257,24.6824,,2,13.1474,200.459
0.04,0.0293463,2.94387e-06,0.000209007,,,,,3,,
0.05,0.0237545,2.12924e-06,0.000272167,0.0360215,1.33504,21.6673,0.0225118,0,,
0.05,,,,,-3.36809,-21.6673,,-1,,
0.05,,,,,3.36809,21.6673,,-1,,
0.05,0.0236184,0.500002,,,1.32001,20.5899,,1,12.3097,167.222
0.05,0.0238906,-0.499998,,,1.35007,22.7447,,2,13.2171,184.722
0.05,0.0426967,9.74655e-06,0.000509549,,,,,3,,
0.06,0.0360215,7.41472e-06,0.000617168,0.0503527,1.53119,19.6151,0.0339148,0,,
0.06,,,,,-3.34921,-19.6151,,-1,,
0.06,,,,,3.34921,19.6151,,-1,,
0.06,0.0357129,0.500007,,,1.50523,18.1983,,1,12.0726,147.799
0.06,0.0363301,-0.499992,,,1.55716,21.0318,,2,13.3096,170.811
0.06,0.0580086,2.55002e-05,0.00102885,,,,,3,,
0.07,0.0503527,2.01517e-05,0.00119394,0.0665524,1.70876,17.7572,0.047029,0,,
0.07,,,,,-3.32775,-17.7572,,-1,,
0.07,,,,,3.32775,17.7572,,-1,,
0.07,0.0497557,0.50002,,,1.66858,16.0217,,1,11.8385,130.121
0.07,0.0509496,-0.499979,,,1.74894,19.4928,,2,13.4128,158.312
0.07,0.0750962,5.68126e-05,0.00183246,,,,,3,,
0.08,0.0665524,4.6342e-05,0.00207498,0.0844438,1.86952,16.0754,0.0615625,0,,
0.08,,,,,-3.30429,-16.0754,,-1,,
0.08,,,,,3.30429,16.0754,,-1,,
0.08,0.0655149,0.500045,,,1.81197,14.023,,1,11.6002,113.888
0.08,0.0675899,-0.499953,,,1.92706,18.1278,,2,13.5326,147.225
0.08,0.0937913,0.000112587,0.00298339,,,,,3,,
0.09,0.0844437,9.41718e-05,0.00332072,0.103867,2.01504,14.5528,0.077244,0,,
0.09,,,,,-3.27935,-14.5528,,-1,,
0.09,,,,,3.27935,14.5528,,-1,,
0.09,0.0827834,0.500091,,,1.93722,12.2296,,1,11.3744,99.3237
0.09,0.0861041,-0.499903,,,2.09287,16.8759,,2,13.6511,137.059
0.09,0.113942,0.000204068,0.00453989,,,,,3,,
0.1,0.103866,0.00017424,0.00498313,0.124676,2.14679,13.1744,0.093819,0,,
0.1,,,,,-3.25339,-13.1744,,-1,,
0.1,,,,,3.25339,13.1744,,-1,,
0.1,0.101375,0.500168,,,2.04608,10.6148,,1,11.1572,86.209
0.1,0.106358,-0.49982,,,2.24749,15.734,,2,13.7711,127.785
0.1,0.135409,0.000344767,0.00655398,,,,,3,,
0.11,0.124675,0.000299449,0.00711391,0.14674,2.26605,11.9266,0.111037,0,,
0.11,,,,,-3.22685,-11.9266,,-1,,
0.11,,,,,3.22685,11.9266,,-1,,
0.11,0.121118,0.500287,,,2.14025,9.16739,,1,10.9506,74.4535
0.11,0.128232,-0.499688,,,2.39186,14.6858,,2,13.8898,119.272
0.11,0.158069,0.000550298,0.00907014,,,,,3,,
0.12,0.146739,0.00048486,0.00975274,0.16994,2.37402,10.797,0.128668,0,,
0.12,,,,,-3.20013,-10.797,,-1,,
0.12,,,,,3.20013,10.797,,-1,,
0.12,0.141862,0.500461,,,2.22129,7.91381,,1,10.7698,64.2724
0.12,0.151615,-0.499491,,,2.52675,13.6802,,2,13.991,111.104
0.12,0.181807,0.000838136,0.0121247,,,,,3,,
0.13,0.169937,0.000747503,0.0129544,0.194169,2.47177,9.77436,0.146453,0,,
0.13,,,,,-3.17361,-9.77436,,-1,,
0.13,,,,,3.17361,9.77436,,-1,,
0.13,0.16346,0.500706,,,2.29077,6.7703,,1,10.5892,54.9853
0.13,0.176414,-0.499211,,,2.65277,12.7784,,2,14.0995,103.781
0.13,0.206522,0.00122729,0.0157447,,,,,3,,
0.14,0.194164,0.00110606,0.016717,0.219329,2.56025,8.84859,0.164236,0,,
0.14,,,,,-3.14754,-8.84859,,-1,,
0.14,,,,,3.14754,8.84859,,-1,,
0.14,0.185806,0.501036,,,2.35001,5.75885,,1,10.4217,46.7708
0.14,0.202522,-0.498824,,,2.7705,11.9383,,2,14.2018,96.9577
0.14,0.232119,0.00173802,0.0199496,,,,,3,,
0.15,0.219319,0.00158052,0.0210755,0.245333,2.64036,8.0105,0.181796,0,,
0.15,,,,,-3.1222,-8.0105,,-1,,
0.15,,,,,3.1222,8.0105,,-1,,
0.15,0.208782,0.501469,,,2.40036,4.91838,,1,10.2864,39.9449
0.15,0.229856,-0.498308,,,2.88036,11.1026,,2,14.278,90.1705
0.15,0.258515,0.00239143,0.0247496,,,,,3,,
0.16,0.245315,0.00219186,0.0260217,0.272099,2.71288,7.25178,0.198997,0,,
0.16,,,,,-3.09778,-7.25178,,-1,,
0.16,,,,,3.09778,7.25178,,-1,,
0.16,0.232306,0.502023,,,2.44295,4.1944,,1,10.1672,34.0651
0.16,0.258325,-0.497639,,,2.9828,10.3092,,2,14.3438,83.7264
0.16,0.285631,0.00320919,0.0301482,,,,,3,,
0.17,0.27207,0.00296169,0.0315793,0.299556,2.77853,6.56493,0.215637,0,,
0.17,,,,,-3.07451,-6.56493,,-1,,
0.17,,,,,3.07451,6.56493,,-1,,
0.17,0.256283,0.502712,,,2.47895,3.51926,,1,10.0429,28.5819
0.17,0.287857,-0.496789,,,3.0781,9.61061,,2,14.4197,78.0531
0.17,0.313398,0.00421312,0.0361397,,,,,3,,
0.18,0.299511,0.00391187,0.0377237,0.327638,2.83796,5.94314,0.231624,0,,
0.18,,,,,-3.05249,-5.94314,,-1,,
0.18,,,,,3.05249,5.94314,,-1,,
0.18,0.280653,0.503556,,,2.50929,2.99199,,1,9.95366,24.2996
0.18,0.318368,-0.495732,,,3.16663,8.89429,,2,14.4651,72.2354
0.18,0.341752,0.00542494,0.0427131,,,,,3,,
0.19,0.32757,0.00506422,0.0444438,0.356287,2.89176,5.38024,0.24684,0,,
0.19,,,,,-3.03182,-5.38024,,-1,,
0.19,,,,,3.03182,5.38024,,-1,,
0.19,0.305355,0.50457,,,2.53486,2.54876,,1,9.87887,20.6999
0.19,0.349784,-0.494442,,,3.24866,8.21172,,2,14.5002,66.6919
0.19,0.370634,0.00686591,0.0498511,,,,,3,,
0.2,0.356185,0.00644022,0.0517234,0.385448,2.94047,4.87065,0.261195,0,,
0.2,,,,,-3.01257,-4.87065,,-1,,
0.2,,,,,3.01257,4.87065,,-1,,
0.2,0.330335,0.505772,,,2.55645,2.16436,,1,9.81195,17.5779
0.2,0.382035,-0.492891,,,3.32448,7.57694,,2,14.5313,61.5365
0.2,0.39999,0.00855667,0.0575315,,,,,3,,
0.21,0.385301,0.00806068,0.0595379,0.415073,2.98456,4.40933,0.274595,0,,
0.21,,,,,-2.99482,-4.40933,,-1,,
0.21,,,,,2.99482,4.40933,,-1,,
0.21,0.35555,0.507175,,,2.57479,1.86042,,1,9.7635,15.1095
0.21,0.415052,-0.491053,,,3.39433,6.95824,,2,14.5472,56.5117
0.21,0.429771,0.0105169,0.0657269,,,,,3,,
0.22,0.414866,0.00994559,0.0678589,0.444867,2.97859,0,0.286993,0,,
0.22,,,,,-2.97859,-3.9917,,-1,,
0.22,,,,,2.97859,3.9917,,-1,,
0.22,0.380963,0.508795,,,2.55117,-1.75112,,1,8.33688,-14.2218
0.22,0.448769,-0.488904,,,3.406,1.75112,,2,12.6514,14.2218
0.22,0.459474,0.0127272,0.0742752,,,,,3,,
0.23,0.444582,0.0120946,0.0765807,0.474523,2.96399,0,0.298255,0,,
0.23,,,,,-2.96399,-4.04826,,-1,,
0.23,,,,,2.96399,4.04826,,-1,,
0.23,0.406329,0.510629,,,2.52198,-1.58516,,1,8.29577,-12.874
0.23,0.482835,-0.48644,,,3.406,1.58516,,2,12.5896,12.874
0.23,0.489012,0.0151879,0.0831155,,,,,3,,
0.24,0.474141,0.0144958,0.0855783,0.504049,2.95109,0,0.308304,0,,
0.24,,,,,-2.95109,-4.1865,,-1,,
0.24,,,,,2.95109,4.1865,,-1,,
0.24,0.431404,0.512666,,,2.49617,-1.39917,,1,8.27403,-11.3635
0.24,0.516878,-0.483674,,,3.406,1.39917,,2,12.5205,11.3635
0.24,0.518398,0.0179054,0.0922138,,,,,3,,
0.25,0.503547,0.0171546,0.0948155,0.53346,2.93976,0,0.3172,0,,
0.25,,,,,-2.93976,-4.30872,,-1,,
0.25,,,,,2.93976,4.30872,,-1,,
0.25,0.45621,0.514909,,,2.47351,-1.22342,,1,8.25957,-9.93608
0.25,0.550884,-0.4806,,,3.406,1.22342,,2,12.4551,9.93608
0.25,0.547644,0.0208853,0.101539,,,,,3,,
0.26,0.532813,0.0200768,0.104262,0.562771,2.92989,0,0.325007,0,,
0.26,,,,,-2.92989,-4.41602,,-1,,
0.26,,,,,2.92989,4.41602,,-1,,
0.26,0.480776,0.517362,,,2.45377,-1.0577,,1,8.25166,-8.5902
0.26,0.584849,-0.477208,,,3.406,1.0577,,2,12.3934,8.5902
0.26,0.576762,0.0241325,0.111061,,,,,3,,
0.27,0.561949,0.0232671,0.11389,0.591996,2.92137,0,0.331785,0,,
0.27,,,,,-2.92137,-4.50952,,-1,,
0.27,,,,,2.92137,4.50952,,-1,,
0.27,0.505127,0.520028,,,2.43674,-0.926288,,1,8.24053,-7.5229
0.27,0.618771,-0.473494,,,3.406,0.926288,,2,12.3446,7.5229
0.27,0.605763,0.0276516,0.120754,,,,,3,,
0.28,0.590968,0.0267298,0.123673,0.621147,2.91412,0,0.337591,0,,
0.28,,,,,-2.91412,-4.59019,,-1,,
0.28,,,,,2.91412,4.59019,,-1,,
0.28,0.529289,0.522911,,,2.42223,-0.778701,,1,8.2443,-6.32426
0.28,0.652647,-0.469451,,,3.406,0.778701,,2,12.2897,6.32426
0.28,0.634656,0.0314464,0.130592,,,,,3,,
0.29,0.619878,0.0304688,0.133588,0.650235,2.90802,0,0.342493,0,,
0.29,,,,,-2.90802,-4.65891,,-1,,
0.29,,,,,2.90802,4.65891,,-1,,
0.29,0.553282,0.526014,,,2.41003,-0.640526,,1,8.25273,-5.20206
0.29,0.686473,-0.465076,,,3.406,0.640526,,2,12.2383,5.20206
0.29,0.66345,0.0355202,0.140551,,,,,3,,
0.3,0.648687,0.0344873,0.143612,0.679272,2.903,0,0.346542,0,,
0.3,,,,,-2.903,-4.71667,,-1,,
0.3,,,,,2.903,4.71667,,-1,,
0.3,0.577128,0.52934,,,2.39999,-0.532146,,1,8.25769,-4.32185
0.3,0.720246,-0.460366,,,3.406,0.532146,,2,12.1979,4.32185
0.3,0.692151,0.039876,0.150611,,,,,3,,
0.31,0.677404,0.0387881,0.153723,0.708269,2.89898,0,0.349799,0,,
0.31,,,,,-2.89898,-4.76419,,-1,,
0.31,,,,,2.89898,4.76419,,-1,,
0.31,0.600845,0.532892,,,2.39195,-0.410804,,1,8.27447,-3.33637
0.31,0.753963,-0.455316,,,3.406,0.410804,,2,12.1528,3.33637
0.31,0.720767,0.0445161,0.160752,,,,,3,,
0.32,0.706035,0.0433735,0.163905,0.737233,2.89587,0,0.352316,0,,
0.32,,,,,-2.89587,-4.80231,,-1,,
0.32,,,,,2.89587,4.80231,,-1,,
0.32,0.624449,0.536672,,,2.38574,-0.316299,,1,8.28777,-2.56884
0.32,0.787621,-0.449925,,,3.406,0.316299,,2,12.1177,2.56884
0.32,0.749304,0.0494426,0.170955,,,,,3,,
0.33,0.734587,0.0482457,0.174137,0.766174,2.89362,0,0.35415,0,,
0.33,,,,,-2.89362,-4.83169,,-1,,
0.33,,,,,2.89362,4.83169,,-1,,
0.33,0.647957,0.540684,,,2.38123,-0.210918,,1,8.31107,-1.71298
0.33,0.821216,-0.444193,,,3.406,0.210918,,2,12.0785,1.71298
0.33,0.777766,0.0546573,0.181202,,,,,3,,
0.34,0.763064,0.0534061,0.184405,0.795099,2.89215,0,0.355347,0,,
0.34,,,,,-2.89215,-4.85306,,-1,,
0.34,,,,,2.89215,4.85306,,-1,,
0.34,0.671383,0.544929,,,2.37829,-0.129442,,1,8.33102,-1.05127
0.34,0.854745,-0.438117,,,3.406,0.129442,,2,12.0481,1.05127
0.34,0.806159,0.0601614,0.191479,,,,,3,,
0.35,0.791471,0.058856,0.194694,0.824016,2.89139,0,0.355961,0,,
0.35,,,,,-2.89139,-4.86698,,-1,,
0.35,,,,,2.89139,4.86698,,-1,,
0.35,0.694737,0.549409,,,2.37678,-0.0536156,,1,8.3539,-0.435442
0.35,0.888204,-0.431697,,,3.406,0.0536156,,2,12.0199,0.435442
0.35,0.834486,0.0659559,0.201772,,,,,3,,
0.36,0.819812,0.0645965,0.20499,0.852932,2.8913,0,0.356038,0,,
0.36,,,,,-2.8913,-4.87413,,-1,,
0.36,,,,,2.8913,4.87413,,-1,,
0.36,0.718034,0.554128,,,2.37659,0.0301865,,1,8.38442,0.245162
0.36,0.921591,-0.424935,,,3.406,-0.0301865,,2,11.9888,-0.245162
0.36,0.862751,0.0720415,0.212066,,,,,3,,
0.37,0.848092,0.070628,0.21528,0.881852,2.89181,0,0.355621,0,,
0.37,,,,,-2.89181,-4.87502,,-1,,
0.37,,,,,2.89181,4.87502,,-1,,
0.37,0.741281,0.559086,,,2.37762,0.0942441,,1,8.41185,0.765408
0.37,0.954902,-0.41783,,,3.406,-0.0942441,,2,11.9649,-0.765408
0.37,0.890958,0.0784186,0.22235,,,,,3,,
0.38,0.876312,0.076951,0.225553,0.910782,2.89287,0,0.354757,0,,
0.38,,,,,-2.89287,-4.87017,,-1,,
0.38,,,,,2.89287,4.87017,,-1,,
0.38,0.764489,0.564286,,,2.37974,0.153251,,1,8.44128,1.24463
0.38,0.988135,-0.410384,,,3.406,-0.153251,,2,11.943,-1.24463
0.38,0.919107,0.0850872,0.232612,,,,,3,,
0.39,0.904475,0.0835655,0.235799,0.939727,2.89443,0,0.353485,0,,
0.39,,,,,-2.89443,-4.86012,,-1,,
0.39,,,,,2.89443,4.86012,,-1,,
0.39,0.787665,0.56973,,,2.38286,0.207397,,1,8.47243,1.68439
0.39,1.02129,-0.402598,,,3.406,-0.207397,,2,11.9229,-1.68439
0.39,0.947202,0.0920473,0.242844,,,,,3,,
0.4,0.932585,0.0904714,0.246008,0.968692,2.89646,0,0.351843,0,,
0.4,,,,,-2.89646,-4.84532,,-1,,
0.4,,,,,2.89646,4.84532,,-1,,
0.4,0.810818,0.575418,,,2.38691,0.266145,,1,8.50852,2.16151
0.4,1.05435,-0.394475,,,3.406,-0.266145,,2,11.901,-2.16151
0.4,0.975245,0.0992984,0.253035,,,,,3,,
0.41,0.960641,0.0976681,0.256171,0.997681,2.89889,0,0.349869,0,,
0.41,,,,,-2.89889,-4.82618,,-1,,
0.41,,,,,2.89889,4.82618,,-1,,
0.41,0.833952,0.581352,,,2.39177,0.310245,,1,8.54208,2.51967
0.41,1.08733,-0.386016,,,3.406,-0.310245,,2,11.8846,-2.51967
0.41,1.00324,0.10684,0.263177,,,,,3,,
0.42,0.988646,0.105155,0.266281,1.0267,2.90169,0,0.347598,0,,
0.42,,,,,-2.90169,-4.80313,,-1,,
0.42,,,,,2.90169,4.80313,,-1,,
0.42,0.857074,0.587533,,,2.39738,0.350099,,1,8.57666,2.84335
0.42,1.12022,-0.377223,,,3.406,-0.350099,,2,11.8698,-2.84335
0.42,1.03118,0.114671,0.273263,,,,,3,,
0.43,1.0166,0.112931,0.276331,1.05574,2.90483,0,0.345062,0,,
0.43,,,,,-2.90483,-4.77656,,-1,,
0.43,,,,,2.90483,4.77656,,-1,,
0.43,0.880187,0.593963,,,2.40366,0.385901,,1,8.61209,3.13412
0.43,1.15302,-0.3681,,,3.406,-0.385901,,2,11.8565,-3.13412
0.43,1.05907,0.12279,0.283287,,,,,3,,
0.44,1.04451,0.120996,0.286315,1.08483,2.90827,0,0.342292,0,,
0.44,,,,,-2.90827,-4.74684,,-1,,
0.44,,,,,2.90827,4.74684,,-1,,
0.44,0.903297,0.600641,,,2.41053,0.417845,,1,8.64818,3.39355
0.44,1.18572,-0.35865,,,3.406,-0.417845,,2,11.8446,-3.39355
0.44,1.08691,0.131197,0.293242,,,,,3,,
0.45,1.07236,0.129347,0.296226,1.11394,2.91197,0,0.339317,0,,
0.45,,,,,-2.91197,-4.71431,,-1,,
0.45,,,,,2.91197,4.71431,,-1,,
0.45,0.926407,0.60757,,,2.41793,0.446123,,1,8.68476,3.62321
0.45,1.21832,-0.348875,,,3.406,-0.446123,,2,11.8341,-3.62321
0.45,1.1147,0.139889,0.303122,,,,,3,,
0.46,1.10017,0.137984,0.306061,1.1431,2.9159,0,0.336163,0,,
0.46,,,,,-2.9159,-4.67928,,-1,,
0.46,,,,,2.9159,4.67928,,-1,,
0.46,0.949519,0.614748,,,2.42579,0.470927,,1,8.72169,3.82466
0.46,1.25082,-0.338779,,,3.406,-0.470927,,2,11.8248,-3.82466
0.46,1.14244,0.148865,0.312924,,,,,3,,
0.47,1.12793,0.146905,0.315815,1.1723,2.92003,0,0.332856,0,,
0.47,,,,,-2.92003,-4.64204,,-1,,
0.47,,,,,2.92003,4.64204,,-1,,
0.47,0.972635,0.622177,,,2.43406,0.492447,,1,8.75882,3.99943
0.47,1.28323,-0.328366,,,3.406,-0.492447,,2,11.8168,-3.99943
0.47,1.17014,0.158124,0.322644,,,,,3,,
0.48,1.15564,0.156108,0.325484,1.20154,2.92434,0,0.329418,0,,
0.48,,,,,-2.92434,-4.60289,,-1,,
0.48,,,,,2.92434,4.60289,,-1,,
0.48,0.995757,0.629856,,,2.44268,0.51087,,1,8.79604,4.14906
0.48,1.31552,-0.31764,,,3.406,-0.51087,,2,11.81,-4.14906
0.48,1.19778,0.167663,0.332277,,,,,3,,
0.49,1.1833,0.165592,0.335065,1.23083,2.9288,0,0.325871,0,,
0.49,,,,,-2.9288,-4.56207,,-1,,
0.49,,,,,2.9288,4.56207,,-1,,
0.49,1.01889,0.637786,,,2.45159,0.526381,,1,8.83324,4.27503
0.49,1.34772,-0.306603,,,3.406,-0.526381,,2,11.8042,-4.27503
0.49,1.22537,0.177481,0.341821,,,,,3,,
0.5,1.21091,0.175353,0.344555,1.26016,2.93339,0,0.322235,0,,
0.5,,,,,-2.93339,-4.51983,,-1,,
0.5,,,,,2.93339,4.51983,,-1,,
0.5,1.04202,0.645966,,,2.46077,0.539161,,1,8.8703,4.37882
0.5,1.3798,-0.29526,,,3.406,-0.539161,,2,11.7994,-4.37882
0.5,1.25292,0.187574,0.351274,,,,,3,,
0.51,1.23847,0.185391,0.353953,1.28954,2.93808,0,0.318527,0,,
0.51,,,,,-2.93808,-4.47639,,-1,,
0.51,,,,,2.93808,4.47639,,-1,,
0.51,1.06517,0.654396,,,2.47015,0.549387,,1,8.90716,4.46187
0.51,1.41178,-0.283614,,,3.406,-0.549387,,2,11.7956,-4.46187
0.51,1.28041,0.197942,0.360632,,,,,3,,
0.52,1.26599,0.195703,0.363256,1.31897,2.94285,0,0.314766,0,,
0.52,,,,,-2.94285,-4.43197,,-1,,
0.52,,,,,2.94285,4.43197,,-1,,
0.52,1.08833,0.663075,,,2.4797,0.557232,,1,8.94372,4.52559
0.52,1.44365,-0.271669,,,3.406,-0.557232,,2,11.7927,-4.52559
0.52,1.30784,0.208581,0.369895,,,,,3,,
0.53,1.29344,0.206286,0.372464,1.34845,2.94769,0,0.310965,0,,
0.53,,,,,-2.94769,-4.38675,,-1,,
0.53,,,,,2.94769,4.38675,,-1,,
0.53,1.11149,0.672003,,,2.48938,0.562863,,1,8.97992,4.57132
0.53,1.4754,-0.259431,,,3.406,-0.562863,,2,11.7906,-4.57132
0.53,1.33523,0.219488,0.379062,,,,,3,,
0.54,1.32085,0.217138,0.381573,1.37797,2.95258,0,0.30714,0,,
0.54,,,,,-2.95258,-4.34091,,-1,,
0.54,,,,,2.95258,4.34091,,-1,,
0.54,1.13466,0.681178,,,2.49915,0.566442,,1,9.01568,4.60039
0.54,1.50704,-0.246902,,,3.406,-0.566442,,2,11.7893,-4.60039
0.54,1.36256,0.230663,0.38813,,,,,3,,
0.55,1.3482,0.228256,0.390585,1.40754,2.9575,0,0.303303,0,,
0.55,,,,,-2.9575,-4.29462,,-1,,
0.55,,,,,2.9575,4.29462,,-1,,
0.55,1.15784,0.690599,,,2.50899,0.568312,,1,9.05104,4.61558
0.55,1.53857,-0.234087,,,3.406,-0.568312,,2,11.7886,-4.61558
0.55,1.38983,0.242101,0.3971,,,,,3,,
0.56,1.3755,0.239637,0.399498,1.43717,2.96243,0,0.299465,0,,
0.56,,,,,-2.96243,-4.24803,,-1,,
0.56,,,,,2.96243,4.24803,,-1,,
0.56,1.18102,0.700266,,,2.51886,0.568588,,1,9.08592,4.61782
0.56,1.56998,-0.220991,,,3.406,-0.568588,,2,11.7885,-4.61782
0.56,1.41705,0.2538,0.405972,,,,,3,,
0.57,1.40274,0.25128,0.408312,1.46684,2.96737,0,0.295638,0,,
0.57,,,,,-2.96737,-4.20128,,-1,,
0.57,,,,,2.96737,4.20128,,-1,,
0.57,1.20421,0.710176,,,2.52874,0.567233,,1,9.12022,4.60681
0.57,1.60127,-0.207616,,,3.406,-0.567233,,2,11.789,-4.60681
0.57,1.44421,0.265757,0.414745,,,,,3,,
0.58,1.42992,0.26318,0.417028,1.49656,2.9723,0,0.29183,0,,
0.58,,,,,-2.9723,-4.1545,,-1,,
0.58,,,,,2.9723,4.1545,,-1,,
0.58,1.2274,0.720329,,,2.5386,0.564385,,1,9.1539,4.58368
0.58,1.63244,-0.193968,,,3.406,-0.564385,,2,11.7901,-4.58368
0.58,1.4713,0.27797,0.423419,,,,,3,,
0.59,1.45704,0.275336,0.425645,1.52633,2.97721,0,0.28805,0,,
0.59,,,,,-2.97721,-4.1078,,-1,,
0.59,,,,,2.97721,4.1078,,-1,,
0.59,1.25059,0.730722,,,2.54842,0.560176,,1,9.18694,4.5495
0.59,1.66349,-0.18005,,,3.406,-0.560176,,2,11.7916,-4.5495
0.59,1.49834,0.290435,0.431994,,,,,3,,
0.6,1.4841,0.287744,0.434165,1.55615,2.98209,0,0.284305,0,,
0.6,,,,,-2.98209,-4.06129,,-1,,
0.6,,,,,2.98209,4.06129,,-1,,
0.6,1.27377,0.741355,,,2.55818,0.556276,,1,9.21987,4.51782
0.6,1.69443,-0.165867,,,3.406,-0.556276,,2,11.7931,-4.51782
0.6,1.52532,0.303149,0.440473,,,,,3,,
0.61,1.5111,0.300402,0.442587,1.58602,2.98693,0,0.280604,0,,
0.61,,,,,-2.98693,-4.01507,,-1,,
0.61,,,,,2.98693,4.01507,,-1,,
0.61,1.29696,0.752225,,,2.56786,0.549921,,1,9.25162,4.46621
0.61,1.72524,-0.151422,,,3.406,-0.549921,,2,11.7954,-4.46621
0.61,1.55223,0.316111,0.448854,,,,,3,,
0.62,1.53804,0.313306,0.450913,1.61593,2.99172,0,0.276951,0,,
0.62,,,,,-2.99172,-3.96923,,-1,,
0.62,,,,,2.99172,3.96923,,-1,,
0.62,1.32014,0.763331,,,2.57744,0.542537,,1,9.28264,4.40624
0.62,1.75593,-0.136719,,,3.406,-0.542537,,2,11.7982,-4.40624
0.62,1.57907,0.329316,0.45714,,,,,3,,
0.63,1.56491,0.326454,0.459145,1.6459,2.99646,0,0.273351,0,,
0.63,,,,,-2.99646,-3.92384,,-1,,
0.63,,,,,2.99646,3.92384,,-1,,
0.63,1.34332,0.77467,,,2.58692,0.536299,,1,9.3137,4.35558
0.63,1.7865,-0.121762,,,3.406,-0.536299,,2,11.8005,-4.35558
0.63,1.60585,0.342761,0.465331,,,,,3,,
0.64,1.59171,0.339842,0.467282,1.67591,3.00114,0,0.269811,0,,
0.64,,,,,-3.00114,-3.87897,,-1,,
0.64,,,,,3.00114,3.87897,,-1,,
0.64,1.36648,0.78624,,,2.59627,0.527316,,1,9.34329,4.28263
0.64,1.81694,-0.106556,,,3.406,-0.527316,,2,11.8038,-4.28263
0.64,1.63256,0.356445,0.473428,,,,,3,,
0.65,1.61845,0.353468,0.475326,1.70596,3.00574,0,0.266332,0,,
0.65,,,,,-3.00574,-3.8347,,-1,,
0.65,,,,,3.00574,3.8347,,-1,,
0.65,1.38964,0.79804,,,2.60548,0.517587,,1,9.37213,4.20361
0.65,1.84727,-0.0911036,,,3.406,-0.517587,,2,11.8075,-4.20361
0.65,1.6592,0.370363,0.481433,,,,,3,,
0.66,1.64512,0.367329,0.48328,1.73606,3.01027,0,0.262921,0,,
0.66,,,,,-3.01027,-3.79108,,-1,,
0.66,,,,,3.01027,3.79108,,-1,,
0.66,1.41278,0.810067,,,2.61454,0.509628,,1,9.4011,4.13897
0.66,1.87746,-0.0754089,,,3.406,-0.509628,,2,11.8104,-4.13897
0.66,1.68577,0.384512,0.489348,,,,,3,,
0.67,1.67172,0.381421,0.491143,1.76621,3.01473,0,0.259578,0,,
0.67,,,,,-3.01473,-3.74815,,-1,,
0.67,,,,,3.01473,3.74815,,-1,,
0.67,1.4359,0.822318,,,2.62345,0.498757,,1,9.42843,4.05068
0.67,1.90754,-0.0594757,,,3.406,-0.498757,,2,11.8145,-4.05068
0.67,1.71227,0.398891,0.497173,,,,,3,,
0.68,1.69825,0.395743,0.49892,1.7964,3.0191,0,0.256307,0,,
0.68,,,,,-3.0191,-3.70598,,-1,,
0.68,,,,,3.0191,3.70598,,-1,,
0.68,1.45901,0.834793,,,2.63219,0.487369,,1,9.45499,3.95819
0.68,1.93748,-0.0433074,,,3.406,-0.487369,,2,11.8187,-3.95819
0.68,1.73869,0.413495,0.504912,,,,,3,,
0.69,1.7247,0.41029,0.506608,1.82663,3.02338,0,0.253111,0,,
0.69,,,,,-3.02338,-3.66458,,-1,,
0.69,,,,,3.02338,3.66458,,-1,,
0.69,1.48209,0.847487,,,2.64075,0.478202,,1,9.48176,3.88375
0.69,1.96731,-0.0269079,,,3.406,-0.478202,,2,11.8221,-3.88375
0.69,1.76504,0.428322,0.512564,,,,,3,,
0.7,1.75108,0.42506,0.514213,1.85691,3.02757,0,0.24999,0,,
0.7,,,,,-3.02757,-3.62402,,-1,,
0.7,,,,,3.02757,3.62402,,-1,,
0.7,1.50515,0.860399,,,2.64914,0.466045,,1,9.50679,3.78501
0.7,1.997,-0.0102804,,,3.406,-0.466045,,2,11.8266,-3.78501
0.7,1.79131,0.443369,0.520133,,,,,3,,
0.71,1.77738,0.440049,0.521735,1.88722,3.03167,0,0.246947,0,,
0.71,,,,,-3.03167,-3.5843,,-1,,
0.71,,,,,3.03167,3.5843,,-1,,
0.71,1.52819,0.873527,,,2.65734,0.45632,,1,9.53206,3.70603
0.71,2.02657,0.00657152,,,3.406,-0.45632,,2,11.8303,-3.70603
0.71,1.81751,0.458633,0.527619,,,,,3,,
0.72,1.80361,0.455256,0.529177,1.91758,3.03568,0,0.243983,0,,
0.72,,,,,-3.03568,-3.54547,,-1,,
0.72,,,,,3.03568,3.54547,,-1,,
0.72,1.5512,0.886868,,,2.66535,0.443591,,1,9.55555,3.60265
0.72,2.05602,0.0236446,,,3.406,-0.443591,,2,11.835,-3.60265
0.72,1.84362,0.474111,0.535026,,,,,3,,
0.73,1.82975,0.470677,0.536539,1.94797,3.03959,0,0.241098,0,,
0.73,,,,,-3.03959,-3.50753,,-1,,
0.73,,,,,3.03959,3.50753,,-1,,
0.73,1.57417,0.900418,,,2.67317,0.433455,,1,9.57931,3.52033
0.73,2.08534,0.0409354,,,3.406,-0.433455,,2,11.8388,-3.52033
0.73,1.86966,0.4898,0.542354,,,,,3,,
0.74,1.85582,0.486309,0.543824,1.97841,3.0434,0,0.238293,0,,
0.74,,,,,-3.0434,-3.47052,,-1,,
0.74,,,,,3.0434,3.47052,,-1,,
0.74,1.59711,0.914177,,,2.68079,0.420321,,1,9.60127,3.41366
0.74,2.11453,0.0584409,,,3.406,-0.420321,,2,11.8436,-3.41366
0.74,1.89561,0.505697,0.549606,,,,,3,,
0.75,1.88181,0.502149,0.551035,2.00888,3.0471,0,0.235569,0,,
0.75,,,,,-3.0471,-3.43444,,-1,,
0.75,,,,,3.0471,3.43444,,-1,,
0.75,1.62002,0.928141,,,2.6882,0.409897,,1,9.62352,3.329
0.75,2.14359,0.0761578,,,3.406,-0.409897,,2,11.8475,-3.329
0.75,1.92148,0.5218,0.556785,,,,,3,,
0.76,1.90771,0.518196,0.558172,2.03938,3.05071,0,0.232926,0,,
0.76,,,,,-3.05071,-3.39932,,-1,,
0.76,,,,,3.05071,3.39932,,-1,,
0.76,1.64289,0.942308,,,2.69542,0.396499,,1,9.64395,3.22019
0.76,2.17253,0.0940832,,,3.406,-0.396499,,2,11.8525,-3.22019
0.76,1.94726,0.538105,0.56389,,,,,3,,
0.77,1.93353,0.534444,0.565239,2.06993,3.05421,0,0.230364,0,,
0.77,,,,,-3.05421,-3.36516,,-1,,
0.77,,,,,3.05421,3.36516,,-1,,
0.77,1.66572,0.956675,,,2.70242,0.385891,,1,9.66469,3.13404
0.77,2.20134,0.112214,,,3.406,-0.385891,,2,11.8565,-3.13404
0.77,1.97296,0.55461,0.570926,,,,,3,,
0.78,1.95926,0.550893,0.572236,2.1005,3.05762,0,0.227883,0,,
0.78,,,,,-3.05762,-3.33197,,-1,,
0.78,,,,,3.05762,3.33197,,-1,,
0.78,1.68851,0.97124,,,2.70923,0.372347,,1,9.68362,3.02403
0.78,2.23002,0.130547,,,3.406,-0.372347,,2,11.8615,-3.02403
0.78,1.99857,0.571313,0.577894,,,,,3,,
0.79,1.98491,0.56754,0.579167,2.13111,3.06091,0,0.225483,0,,
0.79,,,,,-3.06091,-3.29976,,-1,,
0.79,,,,,3.06091,3.29976,,-1,,
0.79,1.71125,0.985999,,,2.71582,0.361639,,1,9.70287,2.93707
0.79,2.25857,0.14908,,,3.406,-0.361639,,2,11.8655,-2.93707
0.79,2.02409,0.58821,0.584796,,,,,3,,
0.8,2.01047,0.58438,0.586033,2.16175,3.06411,0,0.223164,0,,
0.8,,,,,-3.06411,-3.26853,,-1,,
0.8,,,,,3.06411,3.26853,,-1,,
0.8,1.73394,1.00095,,,2.72221,0.348042,,1,9.72032,2.82664
0.8,2.287,0.16781,,,3.406,-0.348042,,2,11.8705,-2.82664
0.8,2.04953,0.605299,0.591634,,,,,3,,
0.81,2.03594,0.601413,0.592836,2.19242,3.06719,0,0.220925,0,,
0.81,,,,,-3.06719,-3.23828,,-1,,
0.81,,,,,3.06719,3.23828,,-1,,
0.81,1.75658,1.01609,,,2.72838,0.337303,,1,9.73808,2.73943
0.81,2.31529,0.186733,,,3.406,-0.337303,,2,11.8745,-2.73943
0.81,2.07487,0.622578,0.59841,,,,,3,,
0.82,2.06132,0.618634,0.599579,2.22312,3.07018,0,0.218766,0,,
0.82,,,,,-3.07018,-3.20903,,-1,,
0.82,,,,,3.07018,3.20903,,-1,,
0.82,1.77917,1.03142,,,2.73435,0.326565,,1,9.75512,2.65222
0.82,2.34346,0.205848,,,3.406,-0.326565,,2,11.8785,-2.65222
0.82,2.10012,0.640043,0.605127,,,,,3,,
0.83,2.0866,0.636043,0.606263,2.25385,3.07306,0,0.216686,0,,
0.83,,,,,-3.07306,-3.18076,,-1,,
0.83,,,,,3.07306,3.18076,,-1,,
0.83,1.8017,1.04693,,,2.74011,0.313014,,1,9.77038,2.54216
0.83,2.3715,0.225151,,,3.406,-0.313014,,2,11.8836,-2.54216
0.83,2.12527,0.657692,0.611785,,,,,3,,
0.84,2.1118,0.653636,0.61289,2.28461,3.07584,0,0.214685,0,,
0.84,,,,,-3.07584,-3.15348,,-1,,
0.84,,,,,3.07584,3.15348,,-1,,
0.84,1.82418,1.06263,,,2.74567,0.30232,,1,9.78597,2.45531
0.84,2.39941,0.244642,,,3.406,-0.30232,,2,11.8875,-2.45531
0.84,2.15034,0.675524,0.618389,,,,,3,,
0.85,2.1369,0.671412,0.619464,2.31539,3.07851,0,0.212762,0,,
0.85,,,,,-3.07851,-3.12718,,-1,,
0.85,,,,,3.07851,3.12718,,-1,,
0.85,1.8466,1.07851,,,2.75102,0.28887,,1,9.7998,2.34607
0.85,2.4272,0.264317,,,3.406,-0.28887,,2,11.8925,-2.34607
0.85,2.1753,0.693534,0.624939,,,,,3,,
0.86,2.1619,0.689366,0.625984,2.3462,3.08108,0,0.210916,0,,
0.86,,,,,-3.08108,-3.10185,,-1,,
0.86,,,,,3.08108,3.10185,,-1,,
0.86,1.86896,1.09456,,,2.75615,0.278257,,1,9.81396,2.25987
0.86,2.45485,0.284173,,,3.406,-0.278257,,2,11.8965,-2.25987
0.86,2.20017,0.711722,0.631437,,,,,3,,
0.87,2.18681,0.707499,0.632455,2.37703,3.08355,0,0.209147,0,,
0.87,,,,,-3.08355,-3.07751,,-1,,
0.87,,,,,3.08355,3.07751,,-1,,
0.87,1.89125,1.11079,,,2.76109,0.267684,,1,9.82742,2.17401
0.87,2.48238,0.304209,,,3.406,-0.267684,,2,11.9004,-2.17401
0.87,2.22495,0.730085,0.637886,,,,,3,,
0.88,2.21162,0.725806,0.638878,2.40789,3.08591,0,0.207454,0,,
0.88,,,,,-3.08591,-3.05414,,-1,,
0.88,,,,,3.08591,3.05414,,-1,,
0.88,1.91348,1.12719,,,2.76582,0.254438,,1,9.83916,2.06643
0.88,2.50977,0.324423,,,3.406,-0.254438,,2,11.9054,-2.06643
0.88,2.24962,0.74862,0.644288,,,,,3,,
0.89,2.23634,0.744285,0.645254,2.43877,3.08818,0,0.205836,0,,
0.89,,,,,-3.08818,-3.03174,,-1,,
0.89,,,,,3.08818,3.03174,,-1,,
0.89,1.93564,1.14376,,,2.77035,0.243981,,1,9.85121,1.9815
0.89,2.53704,0.344812,,,3.406,-0.243981,,2,11.9092,-1.9815
0.89,2.27419,0.767325,0.650645,,,,,3,,
0.9,2.26095,0.762935,0.651587,2.46968,3.09034,0,0.204293,0,,
0.9,,,,,-3.09034,-3.01031,,-1,,
0.9,,,,,3.09034,3.01031,,-1,,
0.9,1.95773,1.1605,,,2.77467,0.233577,,1,9.86258,1.897
0.9,2.56418,0.365374,,,3.406,-0.233577,,2,11.9131,-1.897
0.9,2.29866,0.786198,0.656958,,,,,3,,
0.91,2.28546,0.781753,0.657877,2.5006,3.0924,0,0.202823,0,,
0.91,,,,,-3.0924,-2.98983,,-1,,
0.91,,,,,3.0924,2.98983,,-1,,
0.91,1.97974,1.1774,,,2.77879,0.220578,,1,9.87227,1.79143
0.91,2.59118,0.386107,,,3.406,-0.220578,,2,11.9179,-1.79143
0.91,2.32303,0.805237,0.66323,,,,,3,,
0.92,2.30987,0.800737,0.664127,2.53154,3.09436,0,0.201427,0,,
0.92,,,,,-3.09436,-2.9703,,-1,,
0.92,,,,,3.09436,2.9703,,-1,,
0.92,2.00169,1.19446,,,2.78272,0.210306,,1,9.88227,1.70801
0.92,2.61806,0.40701,,,3.406,-0.210306,,2,11.9218,-1.70801
0.92,2.34729,0.824439,0.669463,,,,,3,,
0.93,2.33418,0.819886,0.670339,2.5625,3.09622,0,0.200102,0,,
0.93,,,,,-3.09622,-2.95172,,-1,,
0.93,,,,,3.09622,2.95172,,-1,,
0.93,2.02355,1.21169,,,2.78644,0.200092,,1,9.8916,1.62506
0.93,2.64481,0.42808,,,3.406,-0.200092,,2,11.9256,-1.62506
0.93,2.37145,0.843803,0.675659,,,,,3,,
0.94,2.35838,0.839196,0.676516,2.59348,3.09799,0,0.19885,0,,
0.94,,,,,-3.09799,-2.93408,,-1,,
0.94,,,,,3.09799,2.93408,,-1,,
0.94,2.04534,1.22908,,,2.78997,0.187356,,1,9.89929,1.52162
0.94,2.67142,0.449316,,,3.406,-0.187356,,2,11.9303,-1.52162
0.94,2.39551,0.863327,0.681819,,,,,3,,
0.95,2.38248,0.858665,0.682657,2.62448,3.09965,0,0.197668,0,,
0.95,,,,,-3.09965,-2.91737,,-1,,
0.95,,,,,3.09965,2.91737,,-1,,
0.95,2.06705,1.24662,,,2.7933,0.177278,,1,9.90727,1.43977
0.95,2.69791,0.470716,,,3.406,-0.177278,,2,11.9341,-1.43977
0.95,2.41945,0.883008,0.687946,,,,,3,,
0.96,2.40647,0.878293,0.688767,2.65549,3.10122,0,0.196557,0,,
0.96,,,,,-3.10122,-2.9016,,-1,,
0.96,,,,,3.10122,2.9016,,-1,,
0.96,2.08868,1.26431,,,2.79644,0.167257,,1,9.9146,1.35839
0.96,2.72426,0.492278,,,3.406,-0.167257,,2,11.9378,-1.35839
0.96,2.44329,0.902845,0.694042,,,,,3,,
0.97,2.43035,0.898077,0.694846,2.68652,3.10269,0,0.195515,0,,
0.97,,,,,-3.10269,-2.88674,,-1,,
0.97,,,,,3.10269,2.88674,,-1,,
0.97,2.11022,1.28215,,,2.79938,0.157293,,1,9.92126,1.27746
0.97,2.75049,0.514001,,,3.406,-0.157293,,2,11.9415,-1.27746
0.97,2.46702,0.922836,0.700108,,,,,3,,
0.98,2.45413,0.918014,0.700897,2.71756,3.10407,0,0.194543,0,,
0.98,,,,,-3.10407,-2.8728,,-1,,
0.98,,,,,3.10407,2.8728,,-1,,
0.98,2.13167,1.30015,,,2.80213,0.144883,,1,9.92633,1.17668
0.98,2.77658,0.535882,,,3.406,-0.144883,,2,11.9461,-1.17668
0.98,2.49064,0.942978,0.706147,,,,,3,,
0.99,2.47779,0.938104,0.706922,2.74861,3.10535,0,0.193639,0,,
0.99,,,,,-3.10535,-2.85978,,-1,,
0.99,,,,,3.10535,2.85978,,-1,,
0.99,2.15304,1.31829,,,2.80469,0.135044,,1,9.93169,1.09676
0.99,2.80254,0.557921,,,3.406,-0.135044,,2,11.9498,-1.09676
0.99,2.51414,0.963271,0.71216,,,,,3,,
1,2.50134,0.958344,0.712922,2.77968,3.10653,0,0.192802,0,,
1,,,,,-3.10653,-2.84767,,-1,,
1,,,,,3.10653,2.84767,,-1,,
1,2.17432,1.33657,,,2.80706,0.125254,,1,9.93639,1.01726
1,2.82836,0.580117,,,3.406,-0.125254,,2,11.9534,-1.01726
1,2.53754,0.983712,0.718149,,,,,3,,
1.01,2.52478,0.978732,0.718899,2.81076,3.10762,0,0.192033,0,,
1.01,,,,,-3.10762,-2.83645,,-1,,
1.01,,,,,3.10762,2.83645,,-1,,
1.01,2.1955,1.355,,,2.80924,0.113065,,1,9.93954,0.918262
1.01,2.85406,0.602467,,,3.406,-0.113065,,2,11.9579,-0.918262
1.01,2.56082,1.0043,0.724117,,,,,3,,
1.02,2.5481,0.999268,0.724856,2.84184,3.10862,0,0.191331,0,,
1.02,,,,,-3.10862,-2.82612,,-1,,
1.02,,,,,3.10862,2.82612,,-1,,
1.02,2.21659,1.37357,,,2.81123,0.103382,,1,9.94295,0.83962
1.02,2.87962,0.62497,,,3.406,-0.103382,,2,11.9615,-0.83962
1.02,2.58398,1.02503,0.730065,,,,,3,,
1.03,2.57131,1.01995,0.730793,2.87294,3.10952,0,0.190696,0,,
1.03,,,,,-3.10952,-2.8167,,-1,,
1.03,,,,,3.10952,2.8167,,-1,,
1.03,2.23758,1.39227,,,2.81303,0.0937398,,1,9.94572,0.761313
1.03,2.90504,0.647625,,,3.406,-0.0937398,,2,11.9651,-0.761313
1.03,2.60703,1.04591,0.735994,,,,,3,,
1.04,2.59441,1.04077,0.736714,2.90404,3.11033,0,0.190126,0,,
1.04,,,,,-3.11033,-2.80816,,-1,,
1.04,,,,,3.11033,2.80816,,-1,,
1.04,2.25848,1.41111,,,2.81465,0.0841359,,1,9.94784,0.683314
1.04,2.93034,0.670431,,,3.406,-0.0841359,,2,11.9687,-0.683314
1.04,2.62995,1.06692,0.741908,,,,,3,,
1.05,2.61738,1.06174,0.74262,2.93515,3.11104,0,0.189622,0,,
1.05,,,,,-3.11104,-2.80049,,-1,,
1.05,,,,,3.11104,2.80049,,-1,,
1.05,2.27927,1.43009,,,2.81608,0.0721717,,1,9.94844,0.586146
1.05,2.95549,0.693387,,,3.406,-0.0721717,,2,11.9732,-0.586146
1.05,2.65276,1.08808,0.747807,,,,,3,,
1.06,2.64024,1.08284,0.748512,2.96627,3.11167,0,0.189184,0,,
1.06,,,,,-3.11167,-2.79371,,-1,,
1.06,,,,,3.11167,2.79371,,-1,,
1.06,2.29997,1.44919,,,2.81733,0.0626428,,1,9.94928,0.508757
1.06,2.98051,0.716491,,,3.406,-0.0626428,,2,11.9767,-0.508757
1.06,2.67545,1.10937,0.753694,,,,,3,,
1.07,2.66298,1.10409,0.754393,2.99739,3.1122,0,0.188811,0,,
1.07,,,,,-3.1122,-2.78782,,-1,,
1.07,,,,,3.1122,2.78782,,-1,,
1.07,2.32055,1.46843,,,2.81839,0.0531404,,1,9.94949,0.431582
1.07,3.0054,0.739742,,,3.406,-0.0531404,,2,11.9802,-0.431582
1.07,2.69802,1.1308,0.75957,,,,,3,,
1.08,2.68559,1.12547,0.760264,3.02852,3.11264,0,0.188502,0,,
1.08,,,,,-3.11264,-2.78279,,-1,,
1.08,,,,,3.11264,2.78279,,-1,,
1.08,2.34104,1.48779,,,2.81927,0.0436607,,1,9.94905,0.354592
1.08,3.03015,0.76314,,,3.406,-0.0436607,,2,11.9838,-0.354592
1.08,2.72047,1.15237,0.765438,,,,,3,,
1.09,2.70809,1.14698,0.766128,3.05965,3.11298,0,0.188258,0,,
1.09,,,,,-3.11298,-2.77863,,-1,,
1.09,,,,,3.11298,2.77863,,-1,,
1.09,2.36141,1.50728,,,2.81996,0.0318356,,1,9.9471,0.258554
1.09,3.05476,0.786683,,,3.406,-0.0318356,,2,11.9882,-0.258554
1.09,2.74279,1.17407,0.771298,,,,,3,,
1.1,2.73046,1.16863,0.771986,3.09079,3.11324,0,0.188078,0,,
1.1,,,,,-3.11324,-2.77534,,-1,,
1.1,,,,,3.11324,2.77534,,-1,,
1.1,2.38168,1.5269,,,2.82047,0.0223935,,1,9.94539,0.18187
1.1,3.07924,0.81037,,,3.406,-0.0223935,,2,11.9917,-0.18187
1.1,2.76498,1.1959,0.777153,,,,,3,,
1.11,2.7527,1.19042,0.777839,3.12192,3.1134,0,0.187963,0,,
1.11,,,,,-3.1134,-2.77293,,-1,,
1.11,,,,,3.1134,2.77293,,-1,,
1.11,2.40183,1.54663,,,2.8208,0.0129611,,1,9.94303,0.105264
1.11,3.10357,0.8342,,,3.406,-0.0129611,,2,11.9952,-0.105264
1.11,2.78705,1.21786,0.783005,,,,,3,,
1.12,2.77482,1.21233,0.783691,3.15306,3.11347,0,0.187912,0,,
1.12,,,,,-3.11347,-2.77138,,-1,,
1.12,,,,,3.11347,2.77138,,-1,,
1.12,2.42187,1.56649,,,2.82094,0.00353439,,1,9.94004,0.0287047
1.12,3.12777,0.858173,,,3.406,-0.00353439,,2,11.9987,-0.0287047
1.12,2.80899,1.23995,0.788856,,,,,3,,
1.13,2.79681,1.23437,0.789541,3.18419,3.11346,0,0.187925,0,,
1.13,,,,,-3.11346,-2.77069,,-1,,
1.13,,,,,3.11346,2.77069,,-1,,
1.13,2.44179,1.58646,,,2.82091,-0.00824732,,1,9.93552,-0.0669811
1.13,3.15182,0.882287,,,3.406,0.00824732,,2,12.0031,0.0669811
1.13,2.8308,1.26217,0.794707,,,,,3,,
1.14,2.81867,1.25654,0.795394,3.21533,3.11335,0,0.188003,0,,
1.14,,,,,-3.11335,-2.77086,,-1,,
1.14,,,,,3.11335,2.77086,,-1,,
1.14,2.4616,1.60655,,,2.82069,-0.0176765,,1,9.93123,-0.143561
1.14,3.17574,0.906543,,,3.406,0.0176765,,2,12.0066,0.143561
1.14,2.85248,1.28452,0.80056,,,,,3,,
1.15,2.8404,1.27884,0.801249,3.24646,3.11314,0,0.188145,0,,
1.15,,,,,-3.11314,-2.77192,,-1,,
1.15,,,,,3.11314,2.77192,,-1,,
1.15,2.48129,1.62675,,,2.82028,-0.0271134,,1,9.9263,-0.220203
1.15,3.19951,0.930938,,,3.406,0.0271134,,2,12.0101,0.220203
1.15,2.87402,1.30699,0.806417,,,,,3,,
1.16,2.86199,1.30127,0.80711,3.27759,3.11285,0,0.188352,0,,
1.16,,,,,-3.11285,-2.77383,,-1,,
1.16,,,,,3.11285,2.77383,,-1,,
1.16,2.50085,1.64706,,,2.81969,-0.0365621,,1,9.92072,-0.296941
1.16,3.22314,0.955472,,,3.406,0.0365621,,2,12.0136,0.296941
1.16,2.89543,1.32959,0.81228,,,,,3,,
1.17,2.88346,1.32381,0.812977,3.30872,3.11246,0,0.188622,0,,
1.17,,,,,-3.11246,-2.77661,,-1,,
1.17,,,,,3.11246,2.77661,,-1,,
1.17,2.52029,1.66748,,,2.81892,-0.0460266,,1,9.91448,-0.373807
1.17,3.24663,0.980145,,,3.406,0.0460266,,2,12.0171,0.373807
1.17,2.91671,1.3523,0.818151,,,,,3,,
1.18,2.90479,1.34649,0.818853,3.33984,3.11199,0,0.188958,0,,
1.18,,,,,-3.11199,-2.78025,,-1,,
1.18,,,,,3.11199,2.78025,,-1,,
1.18,2.5396,1.68802,,,2.81797,-0.0578902,,1,9.90671,-0.470158
1.18,3.26997,1.00496,,,3.406,0.0578902,,2,12.0215,0.470158
1.18,2.93785,1.37514,0.824032,,,,,3,,
1.19,2.92598,1.36928,0.82474,3.37095,3.11142,0,0.189359,0,,
1.19,,,,,-3.11142,-2.78478,,-1,,
1.19,,,,,3.11142,2.78478,,-1,,
1.19,2.55879,1.70865,,,2.81683,-0.0674059,,1,9.89915,-0.547441
1.19,3.29316,1.0299,,,3.406,0.0674059,,2,12.0251,0.547441
1.19,2.95885,1.3981,0.829923,,,,,3,,
1.2,2.94703,1.39219,0.830639,3.40206,3.11076,0,0.189825,0,,
1.2,,,,,-3.11076,-2.79017,,-1,,
1.2,,,,,3.11076,2.79017,,-1,,
1.2,2.57785,1.72939,,,2.81551,-0.0769501,,1,9.89094,-0.624954
1.2,3.31621,1.05499,,,3.406,0.0769501,,2,12.0286,0.624954
1.2,2.97971,1.42118,0.835828,,,,,3,,
1.21,2.96794,1.41522,0.836553,3.43317,3.11,0,0.190356,0,,
1.21,,,,,-3.11,-2.79644,,-1,,
1.21,,,,,3.11,2.79644,,-1,,
1.21,2.59677,1.75024,,,2.814,-0.0865261,,1,9.88206,-0.702726
1.21,3.33911,1.08021,,,3.406,0.0865261,,2,12.0322,0.702726
1.21,3.00042,1.44437,0.841748,,,,,3,,
1.22,2.98871,1.43837,0.842482,3.46426,3.10915,0,0.190953,0,,
1.22,,,,,-3.10915,-2.80358,,-1,,
1.22,,,,,3.10915,2.80358,,-1,,
1.22,2.61556,1.77118,,,2.8123,-0.0985605,,1,9.87161,-0.800464
1.22,3.36186,1.10557,,,3.406,0.0985605,,2,12.0367,0.800464
1.22,3.021,1.46768,0.847685,,,,,3,,
1.23,3.00934,1.46164,0.84843,3.49534,3.10821,0,0.191617,0,,
1.23,,,,,-3.10821,-2.81162,,-1,,
1.23,,,,,3.10821,2.81162,,-1,,
1.23,2.63422,1.79222,,,2.81042,-0.108224,,1,9.86138,-0.878943
1.23,3.38446,1.13106,,,3.406,0.108224,,2,12.0403,0.878943
1.23,3.04143,1.49111,0.853641,,,,,3,,
1.24,3.02982,1.48502,0.854397,3.52642,3.10718,0,0.192347,0,,
1.24,,,,,-3.10718,-2.82053,,-1,,
1.24,,,,,3.10718,2.82053,,-1,,
1.24,2.65273,1.81336,,,2.80835,-0.117929,,1,9.85048,-0.957769
1.24,3.40691,1.15669,,,3.406,0.117929,,2,12.0439,0.957769
1.24,3.06171,1.51465,0.859618,,,,,3,,
1.25,3.05016,1.50852,0.860387,3.55748,3.10605,0,0.193144,0,,
1.25,,,,,-3.10605,-2.83034,,-1,,
1.25,,,,,3.10605,2.83034,,-1,,
1.25,2.67111,1.83459,,,2.80609,-0.130151,,1,9.83797,-1.05703
1.25,3.4292,1.18245,,,3.406,0.130151,,2,12.0484,1.05703
1.25,3.08184,1.5383,0.865617,,,,,3,,
1.26,3.07034,1.53213,0.8664,3.58853,3.10482,0,0.19401,0,,
1.26,,,,,-3.10482,-2.84104,,-1,,
1.26,,,,,3.10482,2.84104,,-1,,
1.26,2.68934,1.85591,,,2.80364,-0.139966,,1,9.82569,-1.13674
1.26,3.45135,1.20834,,,3.406,0.139966,,2,12.0521,1.13674
1.26,3.10182,1.56206,0.871641,,,,,3,,
1.27,3.09038,1.55585,0.872438,3.61957,3.1035,0,0.194943,0,,
1.27,,,,,-3.1035,-2.85264,,-1,,
1.27,,,,,3.1035,2.85264,,-1,,
1.27,2.70743,1.87733,,,2.801,-0.149833,,1,9.81271,-1.21688
1.27,3.47333,1.23437,,,3.406,0.149833,,2,12.0557,1.21688
1.27,3.12165,1.58594,0.877691,,,,,3,,
1.28,3.11026,1.57968,0.878504,3.65059,3.10209,0,0.195945,0,,
1.28,,,,,-3.10209,-2.86514,,-1,,
1.28,,,,,3.10209,2.86514,,-1,,
1.28,2.72537,1.89883,,,2.79817,-0.159753,,1,9.79905,-1.29745
1.28,3.49516,1.26053,,,3.406,0.159753,,2,12.0594,1.29745
1.28,3.14133,1.60992,0.883769,,,,,3,,
1.29,3.12999,1.60362,0.884599,3.6816,3.10057,0,0.197016,0,,
1.29,,,,,-3.10057,-2.87856,,-1,,
1.29,,,,,3.10057,2.87856,,-1,,
1.29,2.74316,1.92042,,,2.79514,-0.172274,,1,9.78373,-1.39914
1.29,3.51682,1.28682,,,3.406,0.172274,,2,12.0641,1.39914
1.29,3.16085,1.63401,0.889878,,,,,3,,
1.3,3.14957,1.62767,0.890726,3.7126,3.09896,0,0.198158,0,,
1.3,,,,,-3.09896,-2.89289,,-1,,
1.3,,,,,3.09896,2.89289,,-1,,
1.3,2.7608,1.9421,,,2.79192,-0.182325,,1,9.76864,-1.48076
1.3,3.53833,1.31325,,,3.406,0.182325,,2,12.0678,1.48076
1.3,3.18021,1.65821,0.896019,,,,,3,,
1.31,3.16898,1.65183,0.896886,3.74357,3.09725,0,0.19937,0,,
1.31,,,,,-3.09725,-2.90814,,-1,,
1.31,,,,,3.09725,2.90814,,-1,,
1.31,2.77829,1.96385,,,2.7885,-0.192433,,1,9.75285,-1.56285
1.31,3.55968,1.33981,,,3.406,0.192433,,2,12.0716,1.56285
1.31,3.1994,1.68252,0.902194,,,,,3,,
1.32,3.18824,1.67609,0.903081,3.77453,3.09545,0,0.200654,0,,
1.32,,,,,-3.09545,-2.92432,,-1,,
1.32,,,,,3.09545,2.92432,,-1,,
1.32,2.79562,1.98569,,,2.78489,-0.205211,,1,9.73536,-1.66663
1.32,3.58086,1.3665,,,3.406,0.205211,,2,12.0763,1.66663
1.32,3.21844,1.70692,0.908405,,,,,3,,
1.33,3.20733,1.70046,0.909314,3.80547,3.09354,0,0.20201,0,,
1.33,,,,,-3.09354,-2.94143,,-1,,
1.33,,,,,3.09354,2.94143,,-1,,
1.33,2.81279,2.00761,,,2.78108,-0.215455,,1,9.71812,-1.74983
1.33,3.60187,1.39332,,,3.406,0.215455,,2,12.0801,1.74983
1.33,3.23731,1.73144,0.914654,,,,,3,,
1.34,3.22626,1.72494,0.915586,3.83639,3.09154,0,0.203438,0,,
1.34,,,,,-3.09154,-2.95948,,-1,,
1.34,,,,,3.09154,2.95948,,-1,,
1.34,2.8298,2.0296,,,2.77707,-0.225757,,1,9.70016,-1.8335
1.34,3.62272,1.42027,,,3.406,0.225757,,2,12.084,1.8335
1.34,3.25602,1.75605,0.920943,,,,,3,,
1.35,3.24502,1.74951,0.921899,3.86728,3.08943,0,0.20494,0,,
1.35,,,,,-3.08943,-2.97848,,-1,,
1.35,,,,,3.08943,2.97848,,-1,,
1.35,2.84665,2.05167,,,2.77286,-0.238797,,1,9.68047,-1.9394
1.35,3.6434,1.44736,,,3.406,0.238797,,2,12.0888,1.9394
1.35,3.27456,1.78076,0.927275,,,,,3,,
1.36,3.26362,1.77419,0.928255,3.89816,3.08722,0,0.206517,0,,
1.36,,,,,-3.08722,-2.99842,,-1,,
1.36,,,,,3.08722,2.99842,,-1,,
1.36,2.86333,2.0738,,,2.76844,-0.24923,,1,9.66103,-2.02413
1.36,3.6639,1.47457,,,3.406,0.24923,,2,12.0927,2.02413
1.36,3.29292,1.80558,0.93365,,,,,3,,
1.37,3.28204,1.79897,0.934657,3.92901,3.08491,0,0.208168,0,,
1.37,,,,,-3.08491,-3.01933,,-1,,
1.37,,,,,3.08491,3.01933,,-1,,
1.37,2.87984,2.09601,,,2.76382,-0.259714,,1,9.64087,-2.10928
1.37,3.68424,1.50192,,,3.406,0.259714,,2,12.0966,2.10928
1.37,3.31112,1.83049,0.940072,,,,,3,,
1.38,3.30029,1.82384,0.941106,3.95984,3.0825,0,0.209895,0,,
1.38,,,,,-3.0825,-3.0412,,-1,,
1.38,,,,,3.0825,3.0412,,-1,,
1.38,2.89618,2.11829,,,2.759,-0.272996,,1,9.61894,-2.21715
1.38,3.70439,1.5294,,,3.406,0.272996,,2,12.1015,2.21715
1.38,3.32913,1.8555,0.946542,,,,,3,,
1.39,3.31836,1.84882,0.947605,3.99065,3.07999,0,0.211699,0,,
1.39,,,,,-3.07999,-3.06403,,-1,,
1.39,,,,,3.07999,3.06403,,-1,,
1.39,2.91235,2.14063,,,2.75397,-0.283592,,1,9.59728,-2.30321
1.39,3.72437,1.557,,,3.406,0.283592,,2,12.1055,2.30321
1.39,3.34697,1.88061,0.953063,,,,,3,,
1.4,3.33626,1.87389,0.954154,4.02142,3.07737,0,0.21358,0,,
1.4,,,,,-3.07737,-3.08784,,-1,,
1.4,,,,,3.07737,3.08784,,-1,,
1.4,2.92835,2.16304,,,2.74874,-0.294226,,1,9.57489,-2.38957
1.4,3.74417,1.58474,,,3.406,0.294226,,2,12.1094,2.38957
1.4,3.36463,1.90582,0.959635,,,,,3,,
1.41,3.35397,1.89906,0.960758,4.05218,3.07465,0,0.215539,0,,
1.41,,,,,-3.07465,-3.11263,,-1,,
1.41,,,,,3.07465,3.11263,,-1,,
1.41,2.94416,2.18551,,,2.7433,-0.307702,,1,9.5507,-2.49902
1.41,3.76379,1.61261,,,3.406,0.307702,,2,12.1145,2.49902
1.41,3.38211,1.93111,0.966262,,,,,3,,
1.42,3.37151,1.92432,0.967417,4.0829,3.07183,0,0.217576,0,,
1.42,,,,,-3.07183,-3.1384,,-1,,
1.42,,,,,3.07183,3.1384,,-1,,
1.42,2.9598,2.20803,,,2.73765,-0.318409,,1,9.52681,-2.58598
1.42,3.78322,1.64061,,,3.406,0.318409,,2,12.1184,2.58598
1.42,3.3994,1.9565,0.972946,,,,,3,,
1.43,3.38886,1.94968,0.974134,4.11359,3.0689,0,0.219692,0,,
1.43,,,,,-3.0689,-3.16515,,-1,,
1.43,,,,,3.0689,3.16515,,-1,,
1.43,2.97525,2.23062,,,2.73179,-0.331977,,1,9.50113,-2.69617
1.43,3.80246,1.66873,,,3.406,0.331977,,2,12.1235,2.69617
1.43,3.4165,1.98198,0.979688,,,,,3,,
1.44,3.40602,1.97512,0.980911,4.14425,3.06586,0,0.221889,0,,
1.44,,,,,-3.06586,-3.19289,,-1,,
1.44,,,,,3.06586,3.19289,,-1,,
1.44,2.99051,2.25326,,,2.72572,-0.342718,,1,9.47576,-2.7834
1.44,3.82152,1.69699,,,3.406,0.342718,,2,12.1275,2.7834
1.44,3.43341,2.00756,0.986491,,,,,3,,
1.45,3.42299,2.00066,0.987749,4.17489,3.06273,0,0.224165,0,,
1.45,,,,,-3.06273,-3.22163,,-1,,
1.45,,,,,3.06273,3.22163,,-1,,
1.45,3.00559,2.27595,,,2.71945,-0.353454,,1,9.44965,-2.8706
1.45,3.84038,1.72538,,,3.406,0.353454,,2,12.1315,2.8706
1.45,3.45013,2.03322,0.993356,,,,,3,,
1.46,3.43976,2.02629,0.994652,4.20549,3.05948,0,0.226523,0,,
1.46,,,,,-3.05948,-3.25135,,-1,,
1.46,,,,,3.05948,3.25135,,-1,,
1.46,3.02048,2.29869,,,2.71296,-0.367047,,1,9.42175,-2.98099
1.46,3.85905,1.7539,,,3.406,0.367047,,2,12.1365,2.98099
1.46,3.46665,2.05897,1.00029,,,,,3,,
1.47,3.45634,2.05201,1.00162,4.23605,3.05614,0,0.228961,0,,
1.47,,,,,-3.05614,-3.28206,,-1,,
1.47,,,,,3.05614,3.28206,,-1,,
1.47,3.03517,2.32148,,,2.70627,-0.377738,,1,9.39419,-3.06782
1.47,3.87752,1.78254,,,3.406,0.377738,,2,12.1405,3.06782
1.47,3.48298,2.0848,1.00728,,,,,3,,
1.48,3.47273,2.07782,1.00866,4.26658,3.05269,0,0.231481,0,,
1.48,,,,,-3.05269,-3.31376,,-1,,
1.48,,,,,3.05269,3.31376,,-1,,
1.48,3.04967,2.34431,,,2.69937,-0.391258,,1,9.36484,-3.17762
1.48,3.89578,1.81132,,,3.406,0.391258,,2,12.1455,3.17762
1.48,3.4991,2.11073,1.01435,,,,,3,,
1.49,3.48891,2.10371,1.01576,4.29708,3.04913,0,0.234082,0,,
1.49,,,,,-3.04913,-3.34645,,-1,,
1.49,,,,,3.04913,3.34645,,-1,,
1.49,3.06397,2.36719,,,2.69226,-0.401832,,1,9.33586,-3.2635
1.49,3.91385,1.84022,,,3.406,0.401832,,2,12.1495,3.2635
1.49,3.51502,2.13673,1.02149,,,,,3,,
1.5,3.50489,2.12968,1.02294,4.32754,3.04547,0,0.236764,0,,
1.5,,,,,-3.04547,-3.38011,,-1,,
1.5,,,,,3.04547,3.38011,,-1,,
1.5,3.07806,2.39011,,,2.68495,-0.415181,,1,9.30513,-3.37191
1.5,3.93171,1.86925,,,3.406,0.415181,,2,12.1544,3.37191
1.5,3.53073,2.16282,1.0287,,,,,3,,
1.51,3.52066,2.15574,1.0302,4.35796,3.04172,0,0.239528,0,,
1.51,,,,,-3.04172,-3.41474,,-1,,
1.51,,,,,3.04172,3.41474,,-1,,
1.51,3.09196,2.41307,,,2.67743,-0.425549,,1,9.27479,-3.45612
1.51,3.94936,1.89842,,,3.406,0.425549,,2,12.1583,3.45612
1.51,3.54624,2.18899,1.03598,,,,,3,,
1.52,3.53622,2.18188,1.03753,4.38835,3.03786,0,0.242373,0,,
1.52,,,,,-3.03786,-3.45034,,-1,,
1.52,,,,,3.03786,3.45034,,-1,,
1.52,3.10564,2.43606,,,2.66971,-0.438604,,1,9.24275,-3.56215
1.52,3.96679,1.92771,,,3.406,0.438604,,2,12.1632,3.56215
1.52,3.56153,2.21524,1.04335,,,,,3,,
1.53,3.55157,2.20811,1.04494,4.41869,3.0339,0,0.245298,0,,
1.53,,,,,-3.0339,-3.48689,,-1,,
1.53,,,,,3.0339,3.48689,,-1,,
1.53,3.11912,2.45908,,,2.6618,-0.448658,,1,9.21112,-3.6438
1.53,3.98401,1.95713,,,3.406,0.448658,,2,12.1669,3.6438
1.53,3.5766,2.24157,1.05079,,,,,3,,
1.54,3.5667,2.23441,1.05242,4.449,3.02985,0,0.248302,0,,
1.54,,,,,-3.02985,-3.52437,,-1,,
1.54,,,,,3.02985,3.52437,,-1,,
1.54,3.13239,2.48214,,,2.65369,-0.461274,,1,9.17786,-3.74626
1.54,4.00101,1.98667,,,3.406,0.461274,,2,12.1716,3.74626
1.54,3.59146,2.26797,1.05831,,,,,3,,
1.55,3.58162,2.26079,1.06,4.47926,3.0257,0,0.251385,0,,
1.55,,,,,-3.0257,-3.56277,,-1,,
1.55,,,,,3.0257,3.56277,,-1,,
1.55,3.14544,2.50522,,,2.64539,-0.470886,,1,9.14505,-3.82432
1.55,4.01779,2.01635,,,3.406,0.470886,,2,12.1752,3.82432
1.55,3.60609,2.29446,1.06592,,,,,3,,
1.56,3.59631,2.28724,1.06765,4.50948,3.02146,0,0.254546,0,,
1.56,,,,,-3.02146,-3.60207,,-1,,
1.56,,,,,3.02146,3.60207,,-1,,
1.56,3.15827,2.52833,,,2.63691,-0.482888,,1,9.1107,-3.9218
1.56,4.03434,2.04615,,,3.406,0.482888,,2,12.1796,3.9218
1.56,3.6205,2.32101,1.07361,,,,,3,,
1.57,3.61078,2.31377,1.07539,4.53966,3.01713,0,0.257781,0,,
1.57,,,,,-3.01713,-3.64224,,-1,,
1.57,,,,,3.01713,3.64224,,-1,,
1.57,3.17089,2.55147,,,2.62825,-0.49447,,1,9.07588,-4.01587
1.57,4.05067,2.07608,,,3.406,0.49447,,2,12.1839,4.01587
1.57,3.63469,2.34764,1.08139,,,,,3,,
1.58,3.62502,2.34038,1.08322,4.56979,3.01271,0,0.261091,0,,
1.58,,,,,-3.01271,-3.68325,,-1,,
1.58,,,,,3.01271,3.68325,,-1,,
1.58,3.18329,2.57462,,,2.61941,-0.50309,,1,9.04155,-4.08587
1.58,4.06676,2.10614,,,3.406,0.50309,,2,12.1871,4.08587
1.58,3.64864,2.37434,1.08925,,,,,3,,
1.59,3.63903,2.36706,1.09114,4.59988,3.00821,0,0.264471,0,,
1.59,,,,,-3.00821,-3.72508,,-1,,
1.59,,,,,3.00821,3.72508,,-1,,
1.59,3.19546,2.59779,,,2.61042,-0.513727,,1,9.00591,-4.17226
1.59,4.08261,2.13632,,,3.406,0.513727,,2,12.1911,4.17226
1.59,3.66236,2.40111,1.09721,,,,,3,,
1.6,3.65281,2.3938,1.09915,4.62992,3.00364,0,0.26792,0,,
1.6,,,,,-3.00364,-3.76768,,-1,,
1.6,,,,,3.00364,3.76768,,-1,,
1.6,3.2074,2.62098,,,2.60127,-0.521469,,1,8.9708,-4.23514
1.6,4.09822,2.16663,,,3.406,0.521469,,2,12.194,4.23514
1.6,3.67584,2.42795,1.10526,,,,,3,,
1.61,3.66635,2.42062,1.10725,4.65992,2.99899,0,0.271434,0,,
1.61,,,,,-2.99899,-3.811,,-1,,
1.61,,,,,2.99899,3.811,,-1,,
1.61,3.21912,2.64418,,,2.59198,-0.530904,,1,8.93454,-4.31177
1.61,4.11359,2.19706,,,3.406,0.530904,,2,12.1975,4.31177
1.61,3.68909,2.45486,1.1134,,,,,3,,
1.62,3.67966,2.44751,1.11545,4.68987,2.99428,0,0.275008,0,,
1.62,,,,,-2.99428,-3.85501,,-1,,
1.62,,,,,2.99428,3.85501,,-1,,
1.62,3.2306,2.6674,,,2.58255,-0.539554,,1,8.89812,-4.38202
1.62,4.12871,2.22762,,,3.406,0.539554,,2,12.2007,4.38202
1.62,3.70209,2.48183,1.12163,,,,,3,,
1.63,3.69272,2.47446,1.12374,4.71977,2.98951,0,0.27864,0,,
1.63,,,,,-2.98951,-3.89965,,-1,,
1.63,,,,,2.98951,3.89965,,-1,,
1.63,3.24185,2.69062,,,2.57301,-0.545495,,1,8.86228,-4.43026
1.63,4.14358,2.2583,,,3.406,0.545495,,2,12.2029,4.43026
1.63,3.71485,2.50887,1.12996,,,,,3,,
1.64,3.70553,2.50148,1.13212,4.74962,2.98468,0,0.282324,0,,
1.64,,,,,-2.98468,-3.94484,,-1,,
1.64,,,,,2.98468,3.94484,,-1,,
1.64,3.25287,2.71385,,,2.56336,-0.552474,,1,8.82569,-4.48695
1.64,4.15819,2.28911,,,3.406,0.552474,,2,12.2055,4.48695
1.64,3.72735,2.53597,1.13839,,,,,3,,
1.65,3.71809,2.52856,1.14061,4.77943,2.97981,0,0.286053,0,,
1.65,,,,,-2.97981,-3.99055,,-1,,
1.65,,,,,2.97981,3.99055,,-1,,
1.65,3.26365,2.73708,,,2.55362,-0.558381,,1,8.78918,-4.53492
1.65,4.17254,2.32004,,,3.406,0.558381,,2,12.2077,4.53492
1.65,3.73961,2.56313,1.14691,,,,,3,,
1.66,3.73041,2.5557,1.14919,4.80919,2.97491,0,0.289822,0,,
1.66,,,,,-2.97491,-4.03666,,-1,,
1.66,,,,,2.97491,4.03666,,-1,,
1.66,3.27419,2.76031,,,2.54381,-0.563099,,1,8.75287,-4.57324
1.66,4.18662,2.35109,,,3.406,0.563099,,2,12.2095,4.57324
1.66,3.75161,2.59035,1.15553,,,,,3,,
1.67,3.74247,2.5829,1.15787,4.83889,2.96998,0,0.293624,0,,
1.67,,,,,-2.96998,-4.08312,,-1,,
1.67,,,,,2.96998,4.08312,,-1,,
1.67,3.28449,2.78355,,,2.53395,-0.56556,,1,8.71721,-4.59322
1.67,4.20044,2.38226,,,3.406,0.56556,,2,12.2104,4.59322
1.67,3.76336,2.61763,1.16425,,,,,3,,
1.68,3.75427,2.61016,1.16665,4.86855,2.96503,0,0.29745,0,,
1.68,,,,,-2.96503,-4.12982,,-1,,
1.68,,,,,2.96503,4.12982,,-1,,
1.68,3.29455,2.80678,,,2.52406,-0.567822,,1,8.68151,-4.6116
1.68,4.21399,2.41355,,,3.406,0.567822,,2,12.2112,4.6116
1.68,3.77484,2.64497,1.17307,,,,,3,,
1.69,3.76581,2.63748,1.17553,4.89816,2.96008,0,0.301291,0,,
1.69,,,,,-2.96008,-4.17666,,-1,,
1.69,,,,,2.96008,4.17666,,-1,,
1.69,3.30436,2.83001,,,2.51416,-0.568538,,1,8.64638,-4.61741
1.69,4.22726,2.44496,,,3.406,0.568538,,2,12.2115,4.61741
1.69,3.78606,2.67236,1.18199,,,,,3,,
1.7,3.77709,2.66486,1.1845,4.92772,2.95514,0,0.305137,0,,
1.7,,,,,-2.95514,-4.22354,,-1,,
1.7,,,,,2.95514,4.22354,,-1,,
1.7,3.31393,2.85324,,,2.50428,-0.567565,,1,8.61194,-4.60951
1.7,4.24025,2.47648,,,3.406,0.567565,,2,12.2111,4.60951
1.7,3.79702,2.6998,1.19101,,,,,3,,
1.71,3.7881,2.69229,1.19358,4.95722,2.95023,0,0.308977,0,,
1.71,,,,,-2.95023,-4.27032,,-1,,
1.71,,,,,2.95023,4.27032,,-1,,
1.71,3.32325,2.87646,,,2.49445,-0.564757,,1,8.57835,-4.5867
1.71,4.25295,2.50812,,,3.406,0.564757,,2,12.2101,4.5867
1.71,3.8077,2.7273,1.20012,,,,,3,,
1.72,3.79884,2.71977,1.20275,4.98669,2.94535,0,0.3128,0,,
1.72,,,,,-2.94535,-4.31687,,-1,,
1.72,,,,,2.94535,4.31687,,-1,,
1.72,3.33233,2.89967,,,2.4847,-0.559958,,1,8.54577,-4.54773
1.72,4.26536,2.53988,,,3.406,0.559958,,2,12.2083,4.54773
1.72,3.81812,2.75485,1.20934,,,,,3,,
1.73,3.80932,2.74731,1.21203,5.0161,2.94053,0,0.31659,0,,
1.73,,,,,-2.94053,-4.36305,,-1,,
1.73,,,,,2.94053,4.36305,,-1,,
1.73,3.34115,2.92287,,,2.47506,-0.554218,,1,8.51395,-4.50111
1.73,4.27748,2.57175,,,3.406,0.554218,,2,12.2062,4.50111
1.73,3.82826,2.78245,1.21865,,,,,3,,
1.74,3.81952,2.7749,1.22139,5.04546,2.93579,0,0.320335,0,,
1.74,,,,,-2.93579,-4.4087,,-1,,
1.74,,,,,2.93579,4.4087,,-1,,
1.74,3.34973,2.94607,,,2.46557,-0.545443,,1,8.48378,-4.42984
1.74,4.2893,2.60373,,,3.406,0.545443,,2,12.2029,4.42984
1.74,3.83813,2.8101,1.22805,,,,,3,,
1.75,3.82944,2.80253,1.23085,5.07478,2.93114,0,0.324016,0,,
1.75,,,,,-2.93114,-4.45364,,-1,,
1.75,,,,,2.93114,4.45364,,-1,,
1.75,3.35805,2.96925,,,2.45627,-0.534219,,1,8.45518,-4.33869
1.75,4.30082,2.63582,,,3.406,0.534219,,2,12.1987,4.33869
1.75,3.84772,2.8378,1.23755,,,,,3,,
1.76,3.83908,2.83022,1.24041,5.10405,2.9266,0,0.327618,0,,
1.76,,,,,-2.9266,-4.49769,,-1,,
1.76,,,,,2.9266,4.49769,,-1,,
1.76,3.36612,2.99243,,,2.4472,-0.520373,,1,8.42837,-4.22623
1.76,4.31204,2.66802,,,3.406,0.520373,,2,12.1936,4.22623
1.76,3.85702,2.86555,1.24714,,,,,3,,
1.77,3.84844,2.85796,1.25005,5.13328,2.9222,0,0.33112,0,,
1.77,,,,,-2.9222,-4.54065,,-1,,
1.77,,,,,2.9222,4.54065,,-1,,
1.77,3.37394,3.01559,,,2.4384,-0.503725,,1,8.40358,-4.09103
1.77,4.32294,2.70032,,,3.406,0.503725,,2,12.1874,4.09103
1.77,3.86605,2.89334,1.25681,,,,,3,,
1.78,3.85752,2.88574,1.25978,5.16247,2.91797,0,0.334503,0,,
1.78,,,,,-2.91797,-4.5823,,-1,,
1.78,,,,,2.91797,4.5823,,-1,,
1.78,3.38151,3.03875,,,2.42994,-0.484093,,1,8.38105,-3.93159
1.78,4.33354,2.73272,,,3.406,0.484093,,2,12.1801,3.93159
1.78,3.87479,2.92118,1.26657,,,,,3,,
1.79,3.86632,2.91357,1.26959,5.19161,2.91393,0,0.337743,0,,
1.79,,,,,-2.91393,-4.6224,,-1,,
1.79,,,,,2.91393,4.6224,,-1,,
1.79,3.38883,3.06191,,,2.42185,-0.461292,,1,8.36104,-3.74641
1.79,4.34381,2.76523,,,3.406,0.461292,,2,12.1716,3.74641
1.79,3.88324,2.94907,1.27642,,,,,3,,
1.8,3.87483,2.94144,1.27948,5.22072,2.9101,0,0.340816,0,,
1.8,,,,,-2.9101,-4.6607,,-1,,
1.8,,,,,2.9101,4.6607,,-1,,
1.8,3.3959,3.08505,,,2.4142,-0.435133,,1,8.34381,-3.53395
1.8,4.35376,2.79783,,,3.406,0.435133,,2,12.1619,3.53395
1.8,3.89141,2.977,1.28633,,,,,3,,
1.81,3.88305,2.96937,1.28944,5.24979,2.90652,0,0.343698,0,,
1.81,,,,,-2.90652,-4.69694,,-1,,
1.81,,,,,2.90652,4.69694,,-1,,
1.81,3.40271,3.1082,,,2.40704,-0.405424,,1,8.32965,-3.29267
1.81,4.36339,2.83053,,,3.406,0.405424,,2,12.1508,3.29267
1.81,3.89929,3.00498,1.29632,,,,,3,,
1.82,3.89098,2.99733,1.29947,5.27883,2.90323,0,0.346359,0,,
1.82,,,,,-2.90323,-4.73083,,-1,,
1.82,,,,,2.90323,4.73083,,-1,,
1.82,3.40927,3.13134,,,2.40045,-0.371974,,1,8.31886,-3.02101
1.82,4.37269,2.86333,,,3.406,0.371974,,2,12.1384,3.02101
1.82,3.90688,3.033,1.30638,,,,,3,,
1.83,3.89862,3.02535,1.30956,5.30784,2.90025,0,0.348769,0,,
1.83,,,,,-2.90025,-4.76205,,-1,,
1.83,,,,,2.90025,4.76205,,-1,,
1.83,3.41559,3.15448,,,2.39449,-0.326748,,1,8.31469,-2.6537
1.83,4.38166,2.89621,,,3.406,0.326748,,2,12.1215,2.6537
1.83,3.91417,3.06107,1.31649,,,,,3,,
1.84,3.90597,3.05341,1.31971,5.33682,2.89762,0,0.350897,0,,
1.84,,,,,-2.89762,-4.79027,,-1,,
1.84,,,,,2.89762,4.79027,,-1,,
1.84,3.42165,3.17764,,,2.38924,-0.284354,,1,8.31196,-2.30939
1.84,4.3903,2.92918,,,3.406,0.284354,,2,12.1058,2.30939
1.84,3.92118,3.08919,1.32666,,,,,3,,
1.85,3.91303,3.08152,1.32991,5.36578,2.89539,0,0.35271,0,,
1.85,,,,,-2.89539,-4.81514,,-1,,
1.85,,,,,2.89539,4.81514,,-1,,
1.85,3.42747,3.2008,,,2.38477,-0.237598,,1,8.31362,-1.92967
1.85,4.39859,2.96223,,,3.406,0.237598,,2,12.0884,1.92967
1.85,3.92789,3.11735,1.33687,,,,,3,,
1.86,3.9198,3.10967,1.34014,5.39472,2.89359,0,0.354172,0,,
1.86,,,,,-2.89359,-4.83628,,-1,,
1.86,,,,,2.89359,4.83628,,-1,,
1.86,3.43304,3.22398,,,2.38117,-0.186289,,1,8.32003,-1.51295
1.86,4.40655,2.99537,,,3.406,0.186289,,2,12.0693,1.51295
1.86,3.93431,3.14557,1.34712,,,,,3,,
1.87,3.92627,3.13788,1.35041,5.42349,2.85344,-4.85332,0.355247,0,,
1.87,,,,,-2.89227,-4.85332,,-1,,
1.87,,,,,2.89227,4.85332,,-1,,
1.87,3.43836,3.24719,,,2.34661,-4.11801,,1,6.73572,-33.4447
1.87,4.41417,3.02858,,,3.36028,-5.58862,,2,9.76006,-45.3883
1.87,3.94035,3.17345,1.35726,,,,,3,,
1.88,3.93241,3.16599,1.36064,5.45227,2.89148,0,0.355888,0,,
1.88,,,,,-2.89148,-5.23356,,-1,,
1.88,,,,,2.89148,5.23356,,-1,,
1.88,3.44341,3.27029,,,2.37696,-0.0564298,,1,8.35349,-0.458298
1.88,4.42141,3.06168,,,3.406,0.0564298,,2,12.021,0.458298
1.88,3.94619,3.20177,1.36755,,,,,3,,
1.89,3.93827,3.19416,1.37089,5.48094,2.84275,-4.87327,0.356063,0,,
1.89,,,,,-2.89127,-4.87327,,-1,,
1.89,,,,,2.89127,4.87327,,-1,,
1.89,3.44823,3.29345,,,2.33665,-3.99528,,1,6.7463,-32.4479
1.89,4.42831,3.09487,,,3.34885,-5.75127,,2,9.65928,-46.7092
1.89,3.95165,3.22967,1.37767,,,,,3,,
1.9,3.94382,3.22229,1.38109,5.50944,2.83208,-5.33484,0.355734,0,,
1.9,,,,,-2.89167,-5.33484,,-1,,
1.9,,,,,2.89167,5.33484,,-1,,
1.9,3.45279,3.31658,,,2.32835,-4.30607,,1,6.60144,-34.9719
1.9,4.43485,3.12801,,,3.33581,-6.36362,,2,9.38557,-51.6825
1.9,3.9568,3.25752,1.38775,,,,,3,,
1.91,3.94906,3.25031,1.39122,5.53777,2.81034,-5.4359,0.354861,0,,
1.91,,,,,-2.89274,-5.4359,,-1,,
1.91,,,,,2.89274,5.4359,,-1,,
1.91,3.4571,3.33962,,,2.3117,-4.30377,,1,6.54363,-34.9533
1.91,4.44101,3.161,,,3.30898,-6.56804,,2,9.21498,-53.3426
1.91,3.96164,3.2852,1.39772,,,,,3,,
1.92,3.95397,3.27821,1.40125,5.56595,2.79905,-5.64185,0.353408,0,,
1.92,,,,,-2.89453,-5.64185,,-1,,
1.92,,,,,2.89453,5.64185,,-1,,
1.92,3.46114,3.36257,,,2.30445,-4.39941,,1,6.48252,-35.73
1.92,4.44681,3.19384,,,3.29366,-6.88428,,2,9.04337,-55.9111
1.92,3.96619,3.31282,1.40761,,,,,3,,
1.93,3.95859,3.30601,1.41118,5.59395,2.77606,-5.74872,0.351342,0,,
1.93,,,,,-2.89707,-5.74872,,-1,,
1.93,,,,,2.89707,5.74872,,-1,,
1.93,3.46495,3.38547,,,2.28838,-4.41436,,1,6.42036,-35.8515
1.93,4.45224,3.22654,,,3.26373,-7.08308,,2,8.86399,-57.5256
1.93,3.97043,3.34026,1.41736,,,,,3,,
1.94,3.96291,3.33367,1.42099,5.62179,2.76413,-5.96651,0.348634,0,,
1.94,,,,,-2.90041,-5.96651,,-1,,
1.94,,,,,2.90041,5.96651,,-1,,
1.94,3.46851,3.40829,,,2.28229,-4.51745,,1,6.36055,-36.6887
1.94,4.45731,3.25904,,,3.24596,-7.41558,,2,8.67768,-60.226
1.94,3.97439,3.36761,1.427,,,,,3,,
1.95,3.96693,3.36122,1.43065,5.64935,2.72765,-6.07954,0.34524,0,,
1.95,,,,,-2.90461,-6.07954,,-1,,
1.95,,,,,2.90461,6.07954,,-1,,
1.95,3.47183,3.43107,,,2.2568,-4.52337,,1,6.26854,-36.7368
1.95,4.46203,3.29138,,,3.1985,-7.63571,,2,8.42858,-62.0138
1.95,3.97805,3.39464,1.43642,,,,,3,,
1.96,3.97065,3.38852,1.44011,5.67684,2.7405,-6.42503,0.341156,0,,
1.96,,,,,-2.90968,-6.42503,,-1,,
1.96,,,,,2.90968,6.42503,,-1,,
1.96,3.47491,3.45368,,,2.27303,-4.72102,,1,6.25219,-38.342
1.96,4.46638,3.32337,,,3.20797,-8.12904,,2,8.27844,-66.0204
1.96,3.98146,3.42183,1.44577,,,,,3,,
1.97,3.9741,3.4158,1.44942,5.70393,2.67746,-6.30332,0.336318,0,,
1.97,,,,,-2.9157,-6.30332,,-1,,
1.97,,,,,2.9157,6.30332,,-1,,
1.97,3.47778,3.47634,,,2.22722,-4.56631,,1,6.14836,-37.0855
1.97,4.47043,3.35526,,,3.12771,-8.04033,,2,8.02866,-65.3
1.97,3.98456,3.44843,1.45477,,,,,3,,
1.98,3.97726,3.44271,1.45846,5.73099,2.70507,-6.90034,0.330768,0,,
1.98,,,,,-2.92265,-6.90034,,-1,,
1.98,,,,,2.92265,6.90034,,-1,,
1.98,3.48041,3.49876,,,2.25769,-4.96494,,1,6.10742,-40.323
1.98,4.47411,3.38666,,,3.15244,-8.83574,,2,7.81993,-71.7599
1.98,3.98746,3.47532,1.46372,,,,,3,,
1.99,3.98018,3.46961,1.46732,5.75771,2.63868,-6.63891,0.3244,0,,
1.99,,,,,-2.93065,-6.63891,,-1,,
1.99,,,,,2.93065,6.63891,,-1,,
1.99,3.48285,3.52125,,,2.21068,-4.68327,,1,6.04658,-38.0354
1.99,4.4775,3.41796,,,3.06667,-8.59455,,2,7.60746,-69.8011
1.99,3.99005,3.50158,1.47228,,,,,3,,
2,3.98282,3.49619,1.4759,5.78428,2.63868,-7.26771,0.317273,0,,
2,,,,,-2.93967,-7.26771,,-1,,
2,,,,,2.93967,7.26771,,-1,,
2,3.48507,3.54357,,,2.22009,-5.12913,,1,5.91385,-41.6565
2,4.48057,3.44882,,,3.05727,-9.40629,,2,7.27239,-76.3937
2,3.99243,3.52786,1.48065,,,,,3,,
2.01,3.98523,3.52265,1.48422,5.8103,2.566,-7.26771,0.309325,0,,
2.01,,,,,-2.94978,-7.26771,,-1,,
2.01,,,,,2.94978,7.26771,,-1,,
2.01,3.4871,3.56589,,,2.16914,-5.10711,,1,5.74254,-41.4776
2.01,4.48336,3.47942,,,2.96286,-9.42832,,2,6.93159,-76.5726
2.01,3.99453,3.55344,1.48859,,,,,3,,
2.02,3.98737,3.54859,1.49216,5.83628,2.59782,-7.95607,0.300676,0,,
2.02,,,,,-2.96087,-7.95607,,-1,,
2.02,,,,,2.96087,7.95607,,-1,,
2.02,3.48892,3.58786,,,2.20727,-5.58724,,1,5.6983,-45.3771
2.02,4.48583,3.50931,,,2.98838,-10.3249,,2,6.68796,-83.8543
2.02,3.99646,3.57934,1.4964,,,,,3,,
2.03,3.98932,3.5745,1.49986,5.86188,2.52128,-7.65465,0.291157,0,,
2.03,,,,,-2.97317,-7.65465,,-1,,
2.03,,,,,2.97317,7.65465,,-1,,
2.03,3.49057,3.60994,,,2.15423,-5.32899,,1,5.6075,-43.2796
2.03,4.48806,3.53906,,,2.88832,-9.98031,,2,6.46363,-81.0556
2.03,3.99815,3.6045,1.50374,,,,,3,,
2.04,3.99104,3.60004,1.50718,5.88721,2.50452,-8.37966,0.280893,0,,
2.04,,,,,-2.98655,-8.37966,,-1,,
2.04,,,,,2.98655,8.37966,,-1,,
2.04,3.49205,3.63183,,,2.15277,-5.89981,,1,5.39,-47.9156
2.04,4.49002,3.56825,,,2.85627,-10.8595,,2,6.02366,-88.196
2.04,3.99966,3.6295,1.51078,,,,,3,,
2.05,3.99256,3.62532,1.51416,5.91203,2.45329,-8.53839,0.269846,0,,
2.05,,,,,-3.00109,-8.53839,,-1,,
2.05,,,,,3.00109,8.53839,,-1,,
2.05,3.49336,3.65363,,,2.12228,-6.03082,,1,5.23386,-48.9796
2.05,4.49176,3.59702,,,2.78429,-11.046,,2,5.70072,-89.7104
2.05,4.00097,3.654,1.5174,,,,,3,,
2.06,3.99388,3.65011,1.52071,5.93658,2.41719,-9.02362,0.258142,0,,
2.06,,,,,-3.01664,-9.02362,,-1,,
2.06,,,,,3.01664,9.02362,,-1,,
2.06,3.49451,3.67514,,,2.1052,-6.43909,,1,5.02182,-52.2954
2.06,4.49325,3.62508,,,2.72918,-11.6081,,2,5.29744,-94.2762
2.06,4.0021,3.67814,1.52364,,,,,3,,
2.07,3.99503,3.67463,1.5269,5.96076,2.37973,-9.36549,0.245701,0,,
2.07,,,,,-3.03336,-9.36549,,-1,,
2.07,,,,,3.03336,9.36549,,-1,,
2.07,3.49551,3.69657,,,2.08738,-6.74709,,1,4.84446,-54.7968
2.07,4.49455,3.65268,,,2.67208,-11.9839,,2,4.95649,-97.3278
2.07,4.00309,3.70192,1.52948,,,,,3,,
2.08,3.99602,3.69879,1.53268,5.98442,2.32141,-9.72031,0.232581,0,,
2.08,,,,,-3.05118,-9.72031,,-1,,
2.08,,,,,3.05118,9.72031,,-1,,
2.08,3.49639,3.71784,,,2.05145,-7.07584,,1,4.59559,-57.4668
2.08,4.49566,3.67973,,,2.59137,-12.3648,,2,4.53044,-100.421
2.08,4.00392,3.72512,1.53488,,,,,3,,
2.09,3.99686,3.72243,1.53802,6.00764,2.28032,-10.2727,0.218929,0,,
2.09,,,,,-3.06995,-10.2727,,-1,,
2.09,,,,,3.06995,10.2727,,-1,,
2.09,3.49713,3.73882,,,2.03071,-7.61148,,1,4.32325,-61.817
2.09,4.49659,3.70605,,,2.52993,-12.9339,,2,4.10228,-105.044
2.09,4.00463,3.74791,1.53987,,,,,3,,
2.1,3.99756,3.74565,1.54295,6.0303,2.21635,-10.6619,0.204736,0,,
2.1,,,,,-3.08972,-10.6619,,-1,,
2.1,,,,,3.08972,10.6619,,-1,,
2.1,3.49776,3.75957,,,1.98946,-8.01141,,1,4.02918,-65.0651
2.1,4.49737,3.73172,,,2.44323,-13.3124,,2,3.65604,-108.117
2.1,4.00521,3.77007,1.54441,,,,,3,,
2.11,3.99814,3.76829,1.54742,6.05247,2.17128,-11.2678,0.190108,0,,
2.11,,,,,-3.11035,-11.2678,,-1,,
2.11,,,,,3.11035,11.2678,,-1,,
2.11,3.49828,3.77998,,,1.96489,-8.63211,,1,3.7117,-70.1061
2.11,4.49801,3.7566,,,2.37767,-13.9035,,2,3.20516,-112.918
2.11,4.00569,3.79177,1.54854,,,,,3,,
2.12,3.99862,3.79046,1.55147,6.07402,2.10111,-11.6947,0.175073,0,,
2.12,,,,,-3.13185,-11.6947,,-1,,
2.12,,,,,3.13185,11.6947,,-1,,
2.12,3.49871,3.80013,,,1.91718,-9.14229,,1,3.35386,-74.2496
2.12,4.49852,3.7808,,,2.28503,-14.2471,,2,2.75099,-115.708
2.12,4.00608,3.81278,1.55222,,,,,3,,
2.13,3.99899,3.81201,1.55508,6.09486,2.02695,-12.3593,0.159785,0,,
2.13,,,,,-3.15402,-12.3593,,-1,,
2.13,,,,,3.15402,12.3593,,-1,,
2.13,3.49906,3.81987,,,1.86501,-9.8907,,1,2.89166,-80.3278
2.13,4.49893,3.80415,,,2.18889,-14.8279,,2,2.19622,-120.425
2.13,4.0064,3.83305,1.55546,,,,,3,,
2.14,3.99929,3.83285,1.55825,6.11494,1.94858,-13.0616,0.144368,0,,
2.14,,,,,-3.1767,-13.0616,,-1,,
2.14,,,,,3.1767,13.0616,,-1,,
2.14,3.49933,3.83912,,,1.80793,-10.6967,,1,2.39073,-86.8735
2.14,4.49925,3.82657,,,2.08924,-15.4266,,2,1.6224,-125.288
2.14,4.00664,3.85253,1.55827,,,,,3,,
2.15,3.99951,3.85293,1.561,6.13424,1.86576,-13.8039,0.128925,0,,
2.15,,,,,-3.19974,-13.8039,,-1,,
2.15,,,,,3.19974,13.8039,,-1,,
2.15,3.49954,3.85783,,,1.74549,-11.5623,,1,1.84874,-93.9039
2.15,4.49949,3.84803,,,1.98603,-16.0455,,2,1.02856,-130.314
2.15,4.00683,3.87119,1.56067,,,,,3,,
2.16,3.99968,3.87222,1.56334,6.15269,1.77823,-14.5884,0.113562,0,,
2.16,,,,,-3.223,-14.5884,,-1,,
2.16,,,,,3.223,14.5884,,-1,,
2.16,3.49969,3.87595,,,1.67726,-12.4895,,1,1.26345,-101.434
2.16,4.49966,3.86849,,,1.8792,-16.6872,,2,0.413474,-135.526
2.16,4.00697,3.88897,1.56269,,,,,3,,
2.17,3.9998,3.89068,1.56529,6.17026,1.68572,-15.4174,0.098395,0,,
2.17,,,,,-3.2463,-15.4174,,-1,,
2.17,,,,,3.2463,15.4174,,-1,,
2.17,3.4998,3.89343,,,1.60279,-13.4799,,1,0.632679,-109.478
2.17,4.49979,3.88792,,,1.76866,-17.3549,,2,-0.224345,-140.949
2.17,4.00708,3.90583,1.56435,,,,,3,,
2.18,3.99988,3.90824,1.56689,6.18661,1.55538,-16.2936,0.0835422,0,,
2.18,,,,,-3.26944,-16.2936,,-1,,
2.18,,,,,3.26944,16.2936,,-1,,
2.18,3.49988,3.9102,,,1.49041,-14.5786,,1,-0.171956,-118.401
2.18,4.49988,3.90629,,,1.62035,-18.0085,,2,-0.990017,-146.257
2.18,4.00716,3.92138,1.56565,,,,,3,,
2.19,3.99993,3.92459,1.56814,6.20192,1.45021,-17.5282,0.0693713,0,,
2.19,,,,,-3.29183,-17.5282,,-1,,
2.19,,,,,3.29183,17.5282,,-1,,
2.19,3.49993,3.92592,,,1.39991,-15.9953,,1,-1.0178,-129.907
2.19,4.49993,3.92327,,,1.50051,-19.061,,2,-1.80372,-154.805
2.19,4.00722,3.93588,1.56666,,,,,3,,
2.2,3.99997,3.9399,1.5691,6.21585,1.30201,-18.5243,0.0558099,0,,
2.2,,,,,-3.31354,-18.5243,,-1,,
2.2,,,,,3.31354,18.5243,,-1,,
2.2,3.49997,3.94075,,,1.26568,-17.2519,,1,-1.95811,-140.112
2.2,4.49997,3.93905,,,1.33835,-19.7967,,2,-2.6487,-160.78
2.2,4.00727,3.9489,1.56739,,,,,3,,
2.21,3.99998,3.95383,1.56979,6.22825,1.14259,-19.9279,0.0432234,0,,
2.21,,,,,-3.33395,-19.9279,,-1,,
2.21,,,,,3.33395,19.9279,,-1,,
2.21,3.49998,3.95433,,,1.1179,-18.9006,,1,-3.09207,-153.502
2.21,4.49998,3.95333,,,1.16728,-20.9551,,2,-3.68232,-170.188
2.21,4.0073,3.96033,1.56788,,,,,3,,
2.22,3.99999,3.96623,1.57025,6.23903,1.01396,21.4378,0.0318307,0,,
2.22,,,,,-3.35265,-21.4378,,-1,,
2.22,,,,,3.35265,21.4378,,-1,,
2.22,3.49999,3.9665,,,0.997826,21.5721,,1,11.5399,175.199
2.22,4.49999,3.96596,,,1.0301,21.3036,,2,11.5538,173.018
2.22,4.00733,3.97047,1.5682,,,,,3,,
2.23,4,3.97701,1.57054,6.24804,0.787402,-22.6561,0.0217922,0,,
2.23,,,,,-3.36929,-22.6561,,-1,,
2.23,,,,,3.36929,22.6561,,-1,,
2.23,3.5,3.97714,,,0.778822,-22.1193,,1,-5.48399,-179.643
2.23,4.5,3.97689,,,0.795982,-23.1929,,2,-5.82291,-188.363
2.23,4.00734,3.97834,1.56837,,,,,3,,
2.24,4,3.98602,1.5707,6.25514,0.588986,-24.802,0.0133116,0,,
2.24,,,,,-3.38349,-24.802,,-1,,
2.24,,,,,3.38349,24.802,,-1,,
2.24,3.5,3.98607,,,0.585066,-24.4729,,1,-7.04213,-198.758
2.24,4.5,3.98597,,,0.592906,-25.1311,,2,-7.25932,-204.103
2.24,4.00736,3.98423,1.56845,,,,,3,,
2.25,4,3.99313,1.57077,6.25973,0.375536,26.6813,0.00656555,0,,
2.25,,,,,-3.39486,-26.6813,,-1,,
2.25,,,,,3.39486,26.6813,,-1,,
2.25,3.5,3.99314,,,0.374303,26.6611,,1,11.2361,216.529
2.25,4.5,3.99311,,,0.376769,26.7015,,2,11.2598,216.858
2.25,4.00737,3.98799,1.56848,,,,,3,,
2.26,4,3.99771,1.57079,6.26205,0.0885061,-28.703,0.00218816,0,,
2.26,,,,,-3.40228,-28.703,,-1,,
2.26,,,,,3.40228,28.703,,-1,,
2.26,3.5,3.99771,,,0.0884093,-28.6678,,1,-10.3524,-232.827
2.26,4.5,3.99771,,,0.0886029,-28.7381,,2,-10.3778,-233.398
2.26,4.00737,3.98887,1.56848,,,,,3,,
2.26,4,3.99771,1.57079,6.26205,0.0885061,-28.703,0.00218816,0,,
2.27,,,,,-3.40228,-28.703,,-1,,
2.27,,,,,3.40228,28.703,,-1,,
2.26,3.5,3.99771,,,0.0884093,-28.6678,,1,-10.3524,-232.827
2.26,4.5,3.99771,,,0.0886029,-28.7381,,2,-10.3778,-233.398
2.27,4.00737,3.98976,1.56848,,,,,3,,
